SampleSize|Layers|TrainingRun|TrainingAccuracy|cvAUC|TrainingTPR|TrainingTNR|TrainingAUC|TrainingConcordance|TrainingPrecision|TrainingF1Score
5000|(30, 22, 14, 9, 6)|1|0.7372|0.7730992|0.7292|0.7452|0.81165856|0.81165856|0.741056910569|0.735080645161
5000|(30, 22, 14, 9, 6)|1|0.7364|0.7720736|0.7392|0.7336|0.81767248|0.81767248|0.73508353222|0.737136019146
5000|(30, 22, 14, 9, 6)|2|0.705|0.7658328|0.6656|0.7444|0.78378176|0.78373936|0.72253582284|0.692900270664
5000|(30, 22, 14, 9, 6)|3|0.7602|0.7789744|0.7212|0.7992|0.83714544|0.83714544|0.782212581345|0.750468262227
5000|(30, 22, 14, 9, 6)|4|0.731|0.7577712|0.734|0.728|0.80916576|0.80916576|0.729622266402|0.731804586241
5000|(30, 22, 14, 9, 6)|5|0.7154|0.7718288|0.7168|0.714|0.7949016|0.7949016|0.714798564021|0.715797882964
5000|(30, 22, 14, 9, 6)|6|0.7308|0.7778312|0.696|0.7656|0.80805296|0.80805296|0.748065348237|0.721094073767
5000|(30, 22, 14, 9, 6)|7|0.7378|0.7779344|0.7152|0.7604|0.81517392|0.81517392|0.749057394219|0.731737262124
5000|(30, 22, 14, 9, 6)|8|0.746|0.7706896|0.732|0.76|0.8158256|0.8130048|0.753086419753|0.742393509128
5000|(30, 22, 14, 9, 6)|9|0.7282|0.7804768|0.7452|0.7112|0.80663664|0.80444432|0.720696324952|0.732743362832
5000|(30, 22, 14, 9, 6)|10|0.7234|0.774144|0.722|0.7248|0.79515768|0.78429984|0.724027276374|0.723012217104
5000|(30, 22, 14, 9, 6)|11|0.7394|0.767656|0.6948|0.784|0.81052816|0.81052816|0.762845849802|0.727234666108
5000|(30, 22, 14, 9, 6)|12|0.7286|0.7392368|0.7076|0.7496|0.80387312|0.80387312|0.738622129436|0.72277834525
5000|(30, 22, 14, 9, 6)|13|0.7196|0.7778912|0.688|0.7512|0.79548864|0.79548864|0.734415029889|0.710450227179
5000|(30, 22, 14, 9, 6)|14|0.7564|0.78176|0.7252|0.7876|0.83621016|0.83621008|0.773464163823|0.748554913295
5000|(30, 22, 14, 9, 6)|15|0.7502|0.7730128|0.744|0.7564|0.8271104|0.8271104|0.753341433779|0.748641577782
5000|(30, 22, 14, 9, 6)|16|0.7236|0.765136|0.7608|0.6864|0.80806432|0.80806432|0.708116157856|0.733513305052
5000|(30, 22, 14, 9, 6)|17|0.7368|0.7717616|0.7488|0.7248|0.8136384|0.79988848|0.73125|0.739920948617
5000|(30, 22, 14, 9, 6)|18|0.7402|0.7691536|0.7024|0.778|0.8171308|0.81713072|0.75984422328|0.72999376429
5000|(30, 22, 14, 9, 6)|19|0.7338|0.763552|0.6872|0.7804|0.80584432|0.80584432|0.757829730922|0.720788756031
5000|(30, 22, 14, 9, 6)|20|0.7442|0.759568|0.7464|0.742|0.81758832|0.80403296|0.743130227001|0.744761524646
6000|(30, 22, 14, 9, 6)|1|0.752333333333|0.75653|0.697333333333|0.807333333333|0.824308888889|0.824308888889|0.783520599251|0.737918871252
6000|(30, 22, 14, 9, 6)|2|0.736166666667|0.782489444444|0.726|0.746333333333|0.815403444444|0.815403444444|0.741068390609|0.733456810911
6000|(30, 22, 14, 9, 6)|3|0.7285|0.772387222222|0.685|0.772|0.801410055556|0.80141|0.750273822563|0.716152639833
6000|(30, 22, 14, 9, 6)|4|0.7275|0.774592222222|0.693|0.762|0.805512111111|0.805512111111|0.744360902256|0.717762817193
6000|(30, 22, 14, 9, 6)|5|0.743333333333|0.787095555556|0.705666666667|0.781|0.824215555556|0.824215555556|0.763157894737|0.73328714929
6000|(30, 22, 14, 9, 6)|6|0.74|0.765537777778|0.721333333333|0.758666666667|0.820766777778|0.820766666667|0.749307479224|0.735054347826
6000|(30, 22, 14, 9, 6)|7|0.732166666667|0.776242777778|0.696666666667|0.767666666667|0.815594444444|0.815594444444|0.749910297811|0.722308622775
6000|(30, 22, 14, 9, 6)|8|0.734333333333|0.781185|0.711|0.757666666667|0.813832777778|0.813832777778|0.745804195804|0.727986348123
6000|(30, 22, 14, 9, 6)|9|0.746833333333|0.765298888889|0.719333333333|0.774333333333|0.828547444444|0.828547444444|0.761199294533|0.739674378749
6000|(30, 22, 14, 9, 6)|10|0.753333333333|0.776458888889|0.74|0.766666666667|0.827769555556|0.827769555556|0.760273972603|0.75
6000|(30, 22, 14, 9, 6)|11|0.748|0.769086666667|0.713333333333|0.782666666667|0.827120333333|0.827120333333|0.766475644699|0.738950276243
6000|(30, 22, 14, 9, 6)|12|0.741833333333|0.779717777778|0.744333333333|0.739333333333|0.821414611111|0.821414555556|0.740630182421|0.742477140482
6000|(30, 22, 14, 9, 6)|13|0.729333333333|0.777632222222|0.747|0.711666666667|0.812481444444|0.812481444444|0.721506761108|0.734032099574
6000|(30, 22, 14, 9, 6)|14|0.735166666667|0.765583333333|0.706333333333|0.764|0.808033722222|0.808033666667|0.749557835161|0.727303929981
6000|(30, 22, 14, 9, 6)|15|0.756666666667|0.77701|0.732666666667|0.780666666667|0.840853666667|0.840853666667|0.769607843137|0.750683060109
6000|(30, 22, 14, 9, 6)|16|0.716333333333|0.760424444444|0.683333333333|0.749333333333|0.792906222222|0.792906222222|0.731620271235|0.706652878318
6000|(30, 22, 14, 9, 6)|17|0.743166666667|0.776541666667|0.735|0.751333333333|0.818483777778|0.815146777778|0.747204337513|0.741051924046
6000|(30, 22, 14, 9, 6)|18|0.747833333333|0.774001111111|0.713666666667|0.782|0.822285611111|0.822285555556|0.766010733453|0.73891285591
6000|(30, 22, 14, 9, 6)|19|0.724|0.776021666667|0.706666666667|0.741333333333|0.795219222222|0.795219222222|0.732044198895|0.719131614654
6000|(30, 22, 14, 9, 6)|20|0.736166666667|0.777949444444|0.718666666667|0.753666666667|0.814262611111|0.814262555556|0.744732297064|0.731467345208
7000|(30, 22, 14, 9, 6)|1|0.736142857143|0.783670204082|0.712857142857|0.759428571429|0.807821877551|0.807821877551|0.74767755469|0.729852274389
7000|(30, 22, 14, 9, 6)|2|0.738285714286|0.777917142857|0.712|0.764571428571|0.810718693878|0.810718693878|0.751507840772|0.731220657277
7000|(30, 22, 14, 9, 6)|3|0.737|0.781148571429|0.761714285714|0.712285714286|0.815475102041|0.815475102041|0.725837190308|0.743343092151
7000|(30, 22, 14, 9, 6)|4|0.735571428571|0.771386938776|0.708857142857|0.762285714286|0.812614408163|0.812614367347|0.748868095382|0.728313518274
7000|(30, 22, 14, 9, 6)|5|0.735428571429|0.784504897959|0.705428571429|0.765428571429|0.811702204082|0.811702204082|0.750455927052|0.727245949926
7000|(30, 22, 14, 9, 6)|6|0.724|0.781679591837|0.730857142857|0.717142857143|0.803411183673|0.796813877551|0.720969560316|0.725879682179
7000|(30, 22, 14, 9, 6)|7|0.740714285714|0.776449795918|0.728571428571|0.752857142857|0.811380734694|0.811380734694|0.746705710102|0.737527114967
7000|(30, 22, 14, 9, 6)|8|0.717428571429|0.771737142857|0.690857142857|0.744|0.793164244898|0.793164244898|0.729631864816|0.709715292046
7000|(30, 22, 14, 9, 6)|9|0.737714285714|0.78959877551|0.711428571429|0.764|0.819392326531|0.819392326531|0.750904704463|0.730633802817
7000|(30, 22, 14, 9, 6)|10|0.738428571429|0.77316244898|0.705142857143|0.771714285714|0.811904081633|0.811904081633|0.755433119069|0.729422195951
7000|(30, 22, 14, 9, 6)|11|0.744|0.776711020408|0.702|0.786|0.816503918367|0.816503918367|0.766375545852|0.732776617954
7000|(30, 22, 14, 9, 6)|12|0.724428571429|0.770491428571|0.732285714286|0.716571428571|0.799622367347|0.795255428571|0.720956399437|0.726576895819
7000|(30, 22, 14, 9, 6)|13|0.722857142857|0.781391020408|0.713142857143|0.732571428571|0.797430040816|0.797429714286|0.727272727273|0.720138488171
7000|(30, 22, 14, 9, 6)|14|0.746285714286|0.789373061224|0.754285714286|0.738285714286|0.817609469388|0.817609469388|0.7424071991|0.748299319728
7000|(30, 22, 14, 9, 6)|15|0.717|0.772288979592|0.713714285714|0.720285714286|0.790424285714|0.790263020408|0.718435432844|0.71606707754
7000|(30, 22, 14, 9, 6)|16|0.723142857143|0.779212653061|0.722857142857|0.723428571429|0.797684081633|0.797684081633|0.723270440252|0.723063732495
7000|(30, 22, 14, 9, 6)|17|0.733714285714|0.777713469388|0.722285714286|0.745142857143|0.805365306122|0.805365306122|0.73918128655|0.73063583815
7000|(30, 22, 14, 9, 6)|18|0.738|0.788028979592|0.743714285714|0.732285714286|0.815339183673|0.813932816327|0.735310734463|0.739488636364
7000|(30, 22, 14, 9, 6)|19|0.727571428571|0.778187755102|0.697714285714|0.757428571429|0.801384244898|0.801384244898|0.742023701003|0.719187159476
7000|(30, 22, 14, 9, 6)|20|0.738714285714|0.781124081633|0.748|0.729428571429|0.813671428571|0.813671428571|0.734361851332|0.741118188252
8000|(30, 22, 14, 9, 6)|1|0.723875|0.761590625|0.70275|0.745|0.7966630625|0.790071375|0.733750978857|0.717915974971
8000|(30, 22, 14, 9, 6)|2|0.728375|0.781006875|0.71125|0.7455|0.8055259375|0.8055259375|0.736474242816|0.723642375684
8000|(30, 22, 14, 9, 6)|3|0.73425|0.77993|0.72025|0.74825|0.8146149375|0.8146149375|0.740997942387|0.730476673428
8000|(30, 22, 14, 9, 6)|4|0.73425|0.7772009375|0.7115|0.757|0.811306875|0.811306875|0.745416448402|0.728063443336
8000|(30, 22, 14, 9, 6)|5|0.73925|0.784661875|0.75175|0.72675|0.8225494375|0.8225494375|0.733414634146|0.742469135802
8000|(30, 22, 14, 9, 6)|6|0.7245|0.7705875|0.717|0.732|0.80607825|0.80607825|0.727918781726|0.72241813602
8000|(30, 22, 14, 9, 6)|7|0.73325|0.7795834375|0.7295|0.737|0.8109961875|0.8109961875|0.735012594458|0.732245922208
8000|(30, 22, 14, 9, 6)|8|0.728375|0.7770146875|0.716|0.74075|0.80160590625|0.801605875|0.734170725455|0.724971522592
8000|(30, 22, 14, 9, 6)|9|0.71625|0.77516125|0.70275|0.72975|0.783906125|0.783809625|0.722250770812|0.712366953877
8000|(30, 22, 14, 9, 6)|10|0.728375|0.774185|0.78725|0.6695|0.80329640625|0.803296375|0.704316707672|0.743477747609
8000|(30, 22, 14, 9, 6)|11|0.736|0.786776875|0.72275|0.74925|0.812005|0.812005|0.742424242424|0.732455029136
8000|(30, 22, 14, 9, 6)|12|0.721|0.773570625|0.7165|0.7255|0.7951313125|0.7951313125|0.723007063572|0.719738824711
8000|(30, 22, 14, 9, 6)|13|0.718125|0.77612625|0.6945|0.74175|0.793193125|0.793193125|0.728942534768|0.711304570478
8000|(30, 22, 14, 9, 6)|14|0.73675|0.79062375|0.72275|0.75075|0.8150031875|0.8150031875|0.743569958848|0.733012170385
8000|(30, 22, 14, 9, 6)|15|0.74275|0.7865975|0.708|0.7775|0.81385775|0.81385775|0.760881246642|0.733488733489
8000|(30, 22, 14, 9, 6)|16|0.731|0.775175625|0.76525|0.69675|0.807215|0.807215|0.716190921853|0.739908146
8000|(30, 22, 14, 9, 6)|17|0.7375|0.780673125|0.70825|0.76675|0.81261365625|0.812217375|0.752257036644|0.729590522792
8000|(30, 22, 14, 9, 6)|18|0.73375|0.78668375|0.74875|0.71875|0.81530753125|0.8153075|0.726941747573|0.737684729064
8000|(30, 22, 14, 9, 6)|19|0.751375|0.78927125|0.72675|0.776|0.8292933125|0.8292933125|0.764396529056|0.745098039216
8000|(30, 22, 14, 9, 6)|20|0.734125|0.7859825|0.7515|0.71675|0.811166875|0.8111668125|0.726262382218|0.738665683745
9000|(30, 22, 14, 9, 6)|1|0.745777777778|0.78698|0.732444444444|0.759111111111|0.819816691358|0.819816641975|0.752511415525|0.742342342342
9000|(30, 22, 14, 9, 6)|2|0.73|0.784318271605|0.725333333333|0.734666666667|0.80450017284|0.804151901235|0.732166890983|0.728734092431
9000|(30, 22, 14, 9, 6)|3|0.730444444444|0.773525679012|0.749777777778|0.711111111111|0.807296246914|0.807296246914|0.721865639709|0.735557008938
9000|(30, 22, 14, 9, 6)|4|0.737222222222|0.78921308642|0.721333333333|0.753111111111|0.815203185185|0.815203160494|0.74500803305|0.732979564187
9000|(30, 22, 14, 9, 6)|5|0.718444444444|0.778162716049|0.703555555556|0.733333333333|0.791720320988|0.791720296296|0.725148877691|0.71418903677
9000|(30, 22, 14, 9, 6)|6|0.735222222222|0.783807160494|0.740444444444|0.73|0.810947160494|0.810931802469|0.732790851111|0.736597767216
9000|(30, 22, 14, 9, 6)|7|0.737444444444|0.788021728395|0.719111111111|0.755777777778|0.813489358025|0.809349382716|0.746482122261|0.732541029994
9000|(30, 22, 14, 9, 6)|8|0.718555555556|0.775539753086|0.699555555556|0.737555555556|0.791190123457|0.791190074074|0.727188727189|0.713104541851
9000|(30, 22, 14, 9, 6)|9|0.724555555556|0.778462469136|0.724444444444|0.724666666667|0.796961160494|0.792931160494|0.724605467882|0.724524947216
9000|(30, 22, 14, 9, 6)|10|0.732333333333|0.778594814815|0.708444444444|0.756222222222|0.810163530864|0.810163506173|0.743990665111|0.72578258395
9000|(30, 22, 14, 9, 6)|11|0.731666666667|0.785015802469|0.7|0.763333333333|0.801719160494|0.801719160494|0.747330960854|0.722891566265
9000|(30, 22, 14, 9, 6)|12|0.742666666667|0.779637777778|0.724888888889|0.760444444444|0.811920987654|0.806204493827|0.751612903226|0.738009049774
9000|(30, 22, 14, 9, 6)|13|0.735222222222|0.785286666667|0.735333333333|0.735111111111|0.806399358025|0.806391061728|0.735169962231|0.735251638707
9000|(30, 22, 14, 9, 6)|14|0.745333333333|0.783023703704|0.744|0.746666666667|0.821567160494|0.821567160494|0.745989304813|0.744993324433
9000|(30, 22, 14, 9, 6)|15|0.718333333333|0.771294320988|0.700666666667|0.736|0.797100740741|0.795072888889|0.726330338632|0.713267729895
9000|(30, 22, 14, 9, 6)|16|0.738111111111|0.782098765432|0.713555555556|0.762666666667|0.812692518519|0.812692493827|0.750408974059|0.731518396173
9000|(30, 22, 14, 9, 6)|17|0.727777777778|0.784563950617|0.707111111111|0.748444444444|0.802056962963|0.802056888889|0.737598516458|0.722033129113
9000|(30, 22, 14, 9, 6)|18|0.722777777778|0.778456296296|0.704444444444|0.741111111111|0.793207382716|0.793207358025|0.731257208766|0.717600452745
9000|(30, 22, 14, 9, 6)|19|0.709222222222|0.774960246914|0.690888888889|0.727555555556|0.782171333333|0.776675012346|0.717185697809|0.703791737408
9000|(30, 22, 14, 9, 6)|20|0.705111111111|0.772306666667|0.683777777778|0.726444444444|0.771315728395|0.771315703704|0.714252553389|0.698683015441
10000|(30, 22, 14, 9, 6)|1|0.7311|0.783405|0.736|0.7262|0.80545848|0.80237748|0.728857199445|0.732411185193
10000|(30, 22, 14, 9, 6)|2|0.7359|0.7879192|0.7356|0.7362|0.81188452|0.8110566|0.736041624975|0.735820746224
10000|(30, 22, 14, 9, 6)|3|0.7353|0.7850236|0.705|0.7656|0.812843|0.81284296|0.750479029168|0.727028978034
10000|(30, 22, 14, 9, 6)|4|0.7178|0.777682|0.7214|0.7142|0.79804608|0.79804608|0.71624305004|0.718812275807
10000|(30, 22, 14, 9, 6)|5|0.7154|0.7798512|0.6918|0.739|0.79363328|0.79363328|0.726070528967|0.708521097911
10000|(30, 22, 14, 9, 6)|6|0.7315|0.7834416|0.703|0.76|0.80244482|0.8024448|0.745493107105|0.723623262995
10000|(30, 22, 14, 9, 6)|7|0.7261|0.7832316|0.6888|0.7634|0.81155978|0.81155976|0.74432677761|0.715487690869
10000|(30, 22, 14, 9, 6)|8|0.7317|0.777922|0.7162|0.7472|0.8069466|0.80442136|0.7391124871|0.727475876079
10000|(30, 22, 14, 9, 6)|9|0.7336|0.78422|0.7272|0.74|0.80973026|0.80973024|0.736628849271|0.731884057971
10000|(30, 22, 14, 9, 6)|10|0.7254|0.7887344|0.708|0.7428|0.80267974|0.80267972|0.733526730211|0.720537349888
10000|(30, 22, 14, 9, 6)|11|0.7294|0.7896978|0.7402|0.7186|0.79797426|0.79797424|0.72454972592|0.732291254452
10000|(30, 22, 14, 9, 6)|12|0.7251|0.7886684|0.7212|0.729|0.79868822|0.7986882|0.726869582745|0.7240236924
10000|(30, 22, 14, 9, 6)|13|0.7239|0.7792828|0.7058|0.742|0.79945238|0.79810704|0.732309607802|0.718810469498
10000|(30, 22, 14, 9, 6)|14|0.7397|0.7860636|0.7314|0.748|0.81361214|0.81360372|0.743746186699|0.737521427851
10000|(30, 22, 14, 9, 6)|15|0.721|0.7726978|0.7156|0.7264|0.80103238|0.80103236|0.723412858876|0.719485220189
10000|(30, 22, 14, 9, 6)|16|0.7232|0.780624|0.7004|0.746|0.79855434|0.79855428|0.733864207879|0.716741711011
10000|(30, 22, 14, 9, 6)|17|0.7191|0.7864208|0.6894|0.7488|0.79956572|0.79956572|0.732936423559|0.710501906627
10000|(30, 22, 14, 9, 6)|18|0.7222|0.7866712|0.6976|0.7468|0.79405356|0.79405356|0.733697938578|0.71519376666
10000|(30, 22, 14, 9, 6)|19|0.7239|0.7845842|0.7082|0.7396|0.80229642|0.8022964|0.731158372909|0.719496088591
10000|(30, 22, 14, 9, 6)|20|0.7271|0.7878142|0.7338|0.7204|0.8095132|0.8095132|0.724097098875|0.728916261051
11000|(30, 22, 14, 9, 6)|1|0.724454545455|0.789383471074|0.721090909091|0.727818181818|0.803187338843|0.803187305785|0.725974739154|0.723524582687
11000|(30, 22, 14, 9, 6)|2|0.718727272727|0.781295206612|0.708181818182|0.729272727273|0.791492297521|0.791492297521|0.723439821694|0.715729511209
11000|(30, 22, 14, 9, 6)|3|0.730181818182|0.782986280992|0.703454545455|0.756909090909|0.803077884298|0.80307722314|0.743180945063|0.722772277228
11000|(30, 22, 14, 9, 6)|4|0.732545454545|0.780001652893|0.750909090909|0.714181818182|0.804351371901|0.804351338843|0.72430726061|0.737368327084
11000|(30, 22, 14, 9, 6)|5|0.722454545455|0.775273719008|0.717090909091|0.727818181818|0.794974264463|0.793333256198|0.724866752435|0.720957864912
11000|(30, 22, 14, 9, 6)|6|0.721636363636|0.782529752066|0.718909090909|0.724363636364|0.798146429752|0.797153123967|0.722851919561|0.720875113947
11000|(30, 22, 14, 9, 6)|7|0.727181818182|0.781174710744|0.710545454545|0.743818181818|0.796467504132|0.796467504132|0.73500094038|0.722566330776
11000|(30, 22, 14, 9, 6)|8|0.734454545455|0.788403305785|0.716909090909|0.752|0.809350595041|0.809350578512|0.742980968532|0.729712223559
11000|(30, 22, 14, 9, 6)|9|0.739727272727|0.786467603306|0.712|0.767454545455|0.812539454545|0.812539438017|0.753801732435|0.732304815334
11000|(30, 22, 14, 9, 6)|10|0.725272727273|0.776243966942|0.710363636364|0.740181818182|0.798929008264|0.798928991736|0.732196401799|0.72111480251
11000|(30, 22, 14, 9, 6)|11|0.713545454545|0.777280991736|0.770727272727|0.656363636364|0.789215785124|0.789215768595|0.691629955947|0.72903947029
11000|(30, 22, 14, 9, 6)|12|0.726454545455|0.779258512397|0.716909090909|0.736|0.800828380165|0.800828363636|0.730861909175|0.723818265259
11000|(30, 22, 14, 9, 6)|13|0.730636363636|0.790317355372|0.744363636364|0.716909090909|0.80578968595|0.80578968595|0.724473544505|0.734283920725
11000|(30, 22, 14, 9, 6)|14|0.730272727273|0.789887603306|0.732181818182|0.728363636364|0.807202429752|0.807202413223|0.729396848397|0.730786679975
11000|(30, 22, 14, 9, 6)|15|0.726636363636|0.783000495868|0.700181818182|0.753090909091|0.803520991736|0.801395570248|0.739297369937|0.719208142684
11000|(30, 22, 14, 9, 6)|16|0.734090909091|0.77969553719|0.709272727273|0.758909090909|0.808424380165|0.808424330579|0.746317199158|0.727323576023
11000|(30, 22, 14, 9, 6)|17|0.732909090909|0.788101157025|0.731818181818|0.734|0.813322512397|0.813322479339|0.733418367347|0.732617400801
11000|(30, 22, 14, 9, 6)|18|0.729636363636|0.789247107438|0.723272727273|0.736|0.805343752066|0.805343735537|0.732596685083|0.727904849039
11000|(30, 22, 14, 9, 6)|19|0.728909090909|0.785785123967|0.707636363636|0.750181818182|0.807344280992|0.807344264463|0.739080896316|0.723016905072
11000|(30, 22, 14, 9, 6)|20|0.723727272727|0.78464892562|0.709636363636|0.737818181818|0.793031057851|0.793031041322|0.73021515435|0.719778699862
12000|(30, 22, 14, 9, 6)|1|0.720083333333|0.777805138889|0.708833333333|0.731333333333|0.791012833333|0.791012833333|0.725149190111|0.716898440792
12000|(30, 22, 14, 9, 6)|2|0.722|0.781775833333|0.712166666667|0.731833333333|0.795838583333|0.795838583333|0.726453587215|0.719239185322
12000|(30, 22, 14, 9, 6)|3|0.725583333333|0.784800277778|0.709333333333|0.741833333333|0.796807444444|0.796807444444|0.733161068045|0.721050402372
12000|(30, 22, 14, 9, 6)|4|0.731333333333|0.788656527778|0.711333333333|0.751333333333|0.806668555556|0.806668527778|0.740972222222|0.725850340136
12000|(30, 22, 14, 9, 6)|5|0.74125|0.795875833333|0.726166666667|0.756333333333|0.813470055556|0.813470027778|0.748754081457|0.737287418563
12000|(30, 22, 14, 9, 6)|6|0.721916666667|0.782510694444|0.709|0.734833333333|0.798902722222|0.798902694444|0.727801539778|0.718277754327
12000|(30, 22, 14, 9, 6)|7|0.72775|0.779478888889|0.715833333333|0.739666666667|0.802827583333|0.802813555556|0.73331056855|0.724466559838
12000|(30, 22, 14, 9, 6)|8|0.717166666667|0.780124166667|0.7195|0.714833333333|0.788570111111|0.788569416667|0.716157929662|0.717825074825
12000|(30, 22, 14, 9, 6)|9|0.733333333333|0.783660694444|0.710333333333|0.756333333333|0.809549944444|0.809549916667|0.744584206848|0.727055612419
12000|(30, 22, 14, 9, 6)|10|0.7295|0.790641388889|0.727666666667|0.731333333333|0.802959861111|0.802959861111|0.730344596855|0.729003172483
12000|(30, 22, 14, 9, 6)|11|0.720333333333|0.788434027778|0.727|0.713666666667|0.796742236111|0.796742222222|0.717434210526|0.722185430464
12000|(30, 22, 14, 9, 6)|12|0.732|0.775519166667|0.708|0.756|0.803677347222|0.803677305556|0.743697478992|0.725409836066
12000|(30, 22, 14, 9, 6)|13|0.72825|0.78680625|0.708333333333|0.748166666667|0.800748055556|0.800748|0.737719145982|0.722727659213
12000|(30, 22, 14, 9, 6)|14|0.718916666667|0.78567625|0.733|0.704833333333|0.792831472222|0.79283125|0.712919435889|0.722820281042
12000|(30, 22, 14, 9, 6)|15|0.7315|0.787568611111|0.728833333333|0.734166666667|0.804658958333|0.803240861111|0.732741286863|0.730782085561
12000|(30, 22, 14, 9, 6)|16|0.720583333333|0.773929861111|0.703333333333|0.737833333333|0.797477902778|0.797477888889|0.728465389263|0.715678792504
12000|(30, 22, 14, 9, 6)|17|0.73275|0.786817222222|0.703833333333|0.761666666667|0.805095333333|0.805095333333|0.74703697152|0.724791899082
12000|(30, 22, 14, 9, 6)|18|0.733083333333|0.785031388889|0.722833333333|0.743333333333|0.805559763889|0.80555975|0.737961545006|0.730319104151
12000|(30, 22, 14, 9, 6)|19|0.724583333333|0.783553055556|0.6875|0.761666666667|0.800747791667|0.799327527778|0.742574257426|0.713976633492
12000|(30, 22, 14, 9, 6)|20|0.722583333333|0.78048625|0.705166666667|0.74|0.797521611111|0.797521611111|0.730616473839|0.717666016453
13000|(30, 22, 14, 9, 6)|1|0.723230769231|0.786637278107|0.704153846154|0.742307692308|0.79596643787|0.793001230769|0.732085732566|0.717848180678
13000|(30, 22, 14, 9, 6)|2|0.728076923077|0.784860591716|0.712769230769|0.743384615385|0.804146828402|0.804146816568|0.735280114268|0.723849699242
13000|(30, 22, 14, 9, 6)|3|0.732|0.782356213018|0.698307692308|0.765692307692|0.813662923077|0.813662887574|0.74876278456|0.722655628085
13000|(30, 22, 14, 9, 6)|4|0.715769230769|0.789685798817|0.693230769231|0.738307692308|0.785728946746|0.785728946746|0.725954567424|0.70921539309
13000|(30, 22, 14, 9, 6)|5|0.726|0.781629349112|0.687538461538|0.764461538462|0.799768994083|0.799768994083|0.744833333333|0.71504
13000|(30, 22, 14, 9, 6)|6|0.726923076923|0.787517869822|0.716153846154|0.737692307692|0.803595455621|0.803595455621|0.731918238994|0.723950233281
13000|(30, 22, 14, 9, 6)|7|0.721769230769|0.781889467456|0.704|0.739538461538|0.797668911243|0.797668899408|0.729940979423|0.716735844624
13000|(30, 22, 14, 9, 6)|8|0.731461538462|0.786646272189|0.714|0.748923076923|0.807138426036|0.807138414201|0.739837398374|0.726689109841
13000|(30, 22, 14, 9, 6)|9|0.727307692308|0.78776|0.716769230769|0.737846153846|0.803005195266|0.803005183432|0.732201791608|0.724403327373
13000|(30, 22, 14, 9, 6)|10|0.722846153846|0.778438343195|0.708923076923|0.736769230769|0.798671443787|0.798671431953|0.729229308435|0.718932834074
13000|(30, 22, 14, 9, 6)|11|0.723769230769|0.780933491124|0.727230769231|0.720307692308|0.798441763314|0.798441751479|0.722230710466|0.724722115753
13000|(30, 22, 14, 9, 6)|12|0.730846153846|0.790476213018|0.743538461538|0.718153846154|0.80749052071|0.807490508876|0.725131282821|0.734219521458
13000|(30, 22, 14, 9, 6)|13|0.718|0.774080236686|0.733538461538|0.702461538462|0.788194319527|0.787437088757|0.711429424053|0.722314800788
13000|(30, 22, 14, 9, 6)|14|0.727076923077|0.788189112426|0.722|0.732153846154|0.802934248521|0.802828781065|0.729406279142|0.72568424308
13000|(30, 22, 14, 9, 6)|15|0.721615384615|0.785669822485|0.706615384615|0.736615384615|0.798838863905|0.798838840237|0.728469468676|0.71737602499
13000|(30, 22, 14, 9, 6)|16|0.728307692308|0.789316449704|0.709076923077|0.747538461538|0.805610863905|0.804193349112|0.73744|0.722980392157
13000|(30, 22, 14, 9, 6)|17|0.733846153846|0.790167692308|0.717692307692|0.75|0.805340378698|0.805340378698|0.741653418124|0.729476153245
13000|(30, 22, 14, 9, 6)|18|0.733230769231|0.785626508876|0.698307692308|0.768153846154|0.803972568047|0.803972568047|0.750744293748|0.723577235772
13000|(30, 22, 14, 9, 6)|19|0.721307692308|0.789891715976|0.717230769231|0.725384615385|0.797000284024|0.797000236686|0.723127035831|0.720166834016
13000|(30, 22, 14, 9, 6)|20|0.720615384615|0.78415147929|0.711846153846|0.729384615385|0.795431514793|0.795431502959|0.724553711243|0.718143721869
14000|(30, 22, 14, 9, 6)|1|0.724214285714|0.788902040816|0.718285714286|0.730142857143|0.799275510204|0.799275489796|0.726904727483|0.722569519293
14000|(30, 22, 14, 9, 6)|2|0.724071428571|0.788019897959|0.720571428571|0.727571428571|0.800119591837|0.80011955102|0.72565098547|0.723102286574
14000|(30, 22, 14, 9, 6)|3|0.7265|0.78683244898|0.726571428571|0.726428571429|0.801637061224|0.797633591837|0.726467647479|0.726519534319
14000|(30, 22, 14, 9, 6)|4|0.720785714286|0.779959591837|0.715571428571|0.726|0.797054816327|0.797054816327|0.723112458496|0.719322179938
14000|(30, 22, 14, 9, 6)|5|0.7215|0.78872755102|0.708142857143|0.734857142857|0.789263|0.789262979592|0.727579627183|0.717729674944
14000|(30, 22, 14, 9, 6)|6|0.731|0.792196530612|0.729285714286|0.732714285714|0.805752193878|0.804119183673|0.731794724771|0.730538065255
14000|(30, 22, 14, 9, 6)|7|0.722214285714|0.783106836735|0.717714285714|0.726714285714|0.797093928571|0.797093918367|0.724232377108|0.720958599412
14000|(30, 22, 14, 9, 6)|8|0.729357142857|0.790634387755|0.710142857143|0.748571428571|0.806388295918|0.805508857143|0.738523250631|0.724055057898
14000|(30, 22, 14, 9, 6)|9|0.725071428571|0.793888571429|0.697142857143|0.753|0.802018704082|0.802018673469|0.738387047965|0.717172459402
14000|(30, 22, 14, 9, 6)|10|0.731928571429|0.789681020408|0.733571428571|0.730285714286|0.804609969388|0.804609959184|0.73116901609|0.732368252157
14000|(30, 22, 14, 9, 6)|11|0.721285714286|0.786287857143|0.700571428571|0.742|0.794821857143|0.794821816327|0.73084947839|0.715390226112
14000|(30, 22, 14, 9, 6)|12|0.727214285714|0.791276938776|0.708714285714|0.745714285714|0.805120857143|0.797544163265|0.735944221926|0.722072629357
14000|(30, 22, 14, 9, 6)|13|0.730714285714|0.786214489796|0.709428571429|0.752|0.803189306122|0.803189306122|0.740972843927|0.724857685009
14000|(30, 22, 14, 9, 6)|14|0.7275|0.785323265306|0.710428571429|0.744571428571|0.798755581633|0.798755571429|0.735542079574|0.722767240753
14000|(30, 22, 14, 9, 6)|15|0.728357142857|0.78823122449|0.724714285714|0.732|0.801193642857|0.801193632653|0.730033098288|0.727363968743
14000|(30, 22, 14, 9, 6)|16|0.729642857143|0.789275|0.709|0.750285714286|0.802600765306|0.802600734694|0.739532111459|0.723944278317
14000|(30, 22, 14, 9, 6)|17|0.722357142857|0.779402653061|0.699285714286|0.745428571429|0.80085944898|0.800859408163|0.733113673806|0.715800248593
14000|(30, 22, 14, 9, 6)|18|0.7245|0.787942040816|0.694571428571|0.754428571429|0.802127540816|0.802127530612|0.738793496429|0.716000294529
14000|(30, 22, 14, 9, 6)|19|0.724857142857|0.785916530612|0.700285714286|0.749428571429|0.79454627551|0.794546265306|0.736478365385|0.717926186292
14000|(30, 22, 14, 9, 6)|20|0.728785714286|0.786568673469|0.714714285714|0.742857142857|0.802579132653|0.802579122449|0.735410848155|0.724914873578
15000|(30, 22, 14, 9, 6)|1|0.729333333333|0.7895136|0.714266666667|0.7444|0.803432524444|0.803432515556|0.736458619742|0.725192906457
15000|(30, 22, 14, 9, 6)|2|0.723266666667|0.785552|0.714266666667|0.732266666667|0.79738096|0.79738096|0.727359131025|0.720753447696
15000|(30, 22, 14, 9, 6)|3|0.723466666667|0.792315644444|0.7104|0.736533333333|0.798969573333|0.797974791111|0.729463307777|0.719805457984
15000|(30, 22, 14, 9, 6)|4|0.722|0.785324622222|0.710533333333|0.733466666667|0.797040542222|0.797040515556|0.72721069869|0.718775289992
15000|(30, 22, 14, 9, 6)|5|0.731066666667|0.785689511111|0.718666666667|0.743466666667|0.803974275556|0.80397424|0.73694284933|0.727690022951
15000|(30, 22, 14, 9, 6)|6|0.726|0.787071111111|0.712533333333|0.739466666667|0.802779075556|0.802779075556|0.732255412442|0.722259764833
15000|(30, 22, 14, 9, 6)|7|0.715133333333|0.783139288889|0.7224|0.707866666667|0.787783822222|0.783740693333|0.712051517939|0.717188430737
15000|(30, 22, 14, 9, 6)|8|0.73|0.7857736|0.723333333333|0.736666666667|0.80430416|0.804304142222|0.733108108108|0.728187919463
15000|(30, 22, 14, 9, 6)|9|0.727066666667|0.785044977778|0.700933333333|0.7532|0.802604088889|0.802604053333|0.739589195273|0.719742606791
15000|(30, 22, 14, 9, 6)|10|0.721666666667|0.781736355556|0.717866666667|0.725466666667|0.794125866667|0.787611822222|0.723364234852|0.720604965536
15000|(30, 22, 14, 9, 6)|11|0.719666666667|0.7825176|0.707066666667|0.732266666667|0.788950408889|0.7889504|0.72534536999|0.716089393019
15000|(30, 22, 14, 9, 6)|12|0.724066666667|0.779074844444|0.714666666667|0.733466666667|0.796351973333|0.796351964444|0.728359831499|0.721448280503
15000|(30, 22, 14, 9, 6)|13|0.721466666667|0.779274755556|0.7192|0.723733333333|0.797266364444|0.797266364444|0.722475221002|0.720833890151
15000|(30, 22, 14, 9, 6)|14|0.719933333333|0.779296266667|0.707466666667|0.7324|0.79384928|0.793849262222|0.725557226856|0.716397758725
15000|(30, 22, 14, 9, 6)|15|0.726266666667|0.786683377778|0.705066666667|0.747466666667|0.797802542222|0.797795484444|0.736285157338|0.720337828634
15000|(30, 22, 14, 9, 6)|16|0.735866666667|0.791662222222|0.717466666667|0.754266666667|0.809853724444|0.809853724444|0.744878183832|0.730915512089
15000|(30, 22, 14, 9, 6)|17|0.729666666667|0.781129066667|0.711066666667|0.748266666667|0.801944204444|0.801944177778|0.73854036837|0.724543169622
15000|(30, 22, 14, 9, 6)|18|0.725533333333|0.785978666667|0.7152|0.735866666667|0.801256062222|0.801256053333|0.730292716133|0.722667564837
15000|(30, 22, 14, 9, 6)|19|0.717866666667|0.782638933333|0.707333333333|0.7284|0.791521253333|0.791521244444|0.722555162081|0.71486322598
15000|(30, 22, 14, 9, 6)|20|0.718666666667|0.7821488|0.723733333333|0.7136|0.788496835556|0.786562595556|0.716473072862|0.720084903157
16000|(30, 22, 14, 9, 6)|1|0.7248125|0.792946875|0.714625|0.735|0.803844726562|0.80384471875|0.729488324614|0.721980173013
16000|(30, 22, 14, 9, 6)|2|0.71125|0.78479953125|0.722|0.7005|0.782455765625|0.78245575|0.70680372002|0.714321048726
16000|(30, 22, 14, 9, 6)|3|0.7330625|0.784596328125|0.72875|0.737375|0.801547203125|0.801547171875|0.735090152566|0.731906346118
16000|(30, 22, 14, 9, 6)|4|0.7278125|0.789894375|0.695375|0.76025|0.801599414063|0.801599390625|0.743617163481|0.718687423293
16000|(30, 22, 14, 9, 6)|5|0.722875|0.783755390625|0.708375|0.737375|0.798614046875|0.798614015625|0.729531410917|0.718797564688
16000|(30, 22, 14, 9, 6)|6|0.7253125|0.792538671875|0.701125|0.7495|0.801091117187|0.801091078125|0.736766058059|0.718503810927
16000|(30, 22, 14, 9, 6)|7|0.71575|0.781915625|0.693625|0.737875|0.790315953125|0.7903159375|0.72573894847|0.7093186757
16000|(30, 22, 14, 9, 6)|8|0.726625|0.790455625|0.72375|0.7295|0.800315617187|0.800315609375|0.727935629872|0.725836780745
16000|(30, 22, 14, 9, 6)|9|0.7224375|0.781615234375|0.730125|0.71475|0.796466726563|0.796466328125|0.719069309368|0.724554983564
16000|(30, 22, 14, 9, 6)|10|0.7228125|0.78785828125|0.735375|0.71025|0.797482953125|0.797482953125|0.717351542495|0.726251465959
16000|(30, 22, 14, 9, 6)|11|0.726625|0.78453625|0.70175|0.7515|0.805572320312|0.8043101875|0.738489871087|0.719651326753
16000|(30, 22, 14, 9, 6)|12|0.7258125|0.786524375|0.712125|0.7395|0.799859257813|0.79985921875|0.732168101786|0.722007477346
16000|(30, 22, 14, 9, 6)|13|0.7340625|0.7896359375|0.726875|0.74125|0.809140460938|0.8091404375|0.737476220672|0.732137236387
16000|(30, 22, 14, 9, 6)|14|0.720875|0.787640390625|0.70475|0.737|0.794220289063|0.79422028125|0.728235598037|0.716300343031
16000|(30, 22, 14, 9, 6)|15|0.7275625|0.7860271875|0.735875|0.71925|0.804219695313|0.8042196875|0.72384114103|0.729808467117
16000|(30, 22, 14, 9, 6)|16|0.728875|0.789675|0.7085|0.74925|0.806204125|0.806204109375|0.738597862914|0.723235932117
16000|(30, 22, 14, 9, 6)|17|0.7325625|0.790542578125|0.754875|0.71025|0.806379242187|0.806379234375|0.722627737226|0.738399462004
16000|(30, 22, 14, 9, 6)|18|0.723875|0.782186640625|0.699125|0.748625|0.798837515625|0.798837515625|0.735533929511|0.71686746988
16000|(30, 22, 14, 9, 6)|19|0.724|0.77767609375|0.6955|0.7525|0.800935429687|0.80093540625|0.737539766702|0.715903242409
16000|(30, 22, 14, 9, 6)|20|0.7325|0.78751453125|0.71375|0.75125|0.805716515625|0.8057165|0.741558441558|0.727388535032
17000|(30, 22, 14, 9, 6)|1|0.725647058824|0.789214256055|0.705647058824|0.745647058824|0.79903216609|0.79903216609|0.735049019608|0.720048019208
17000|(30, 22, 14, 9, 6)|2|0.735764705882|0.797315847751|0.727647058824|0.743882352941|0.808788692042|0.807275377163|0.739655584788|0.733602182422
17000|(30, 22, 14, 9, 6)|3|0.715705882353|0.788749411765|0.712470588235|0.718941176471|0.787601529412|0.787601522491|0.7171107164|0.714783121865
17000|(30, 22, 14, 9, 6)|4|0.722411764706|0.788240692042|0.707058823529|0.737764705882|0.798276124567|0.798276124567|0.729457458429|0.718083517534
17000|(30, 22, 14, 9, 6)|5|0.726411764706|0.779216539792|0.692470588235|0.760352941176|0.796628235294|0.796628235294|0.742900416509|0.716799610303
17000|(30, 22, 14, 9, 6)|6|0.723882352941|0.784240276817|0.714117647059|0.733647058824|0.795468027682|0.795468013841|0.728341732661|0.721159558037
17000|(30, 22, 14, 9, 6)|7|0.718235294118|0.785734463668|0.710470588235|0.726|0.788072256055|0.788072235294|0.721677820268|0.716030353332
17000|(30, 22, 14, 9, 6)|8|0.724235294118|0.784956262976|0.735176470588|0.713294117647|0.803886380623|0.803886380623|0.719433571264|0.727219830094
17000|(30, 22, 14, 9, 6)|9|0.718117647059|0.784218546713|0.691176470588|0.745058823529|0.791400048443|0.791400027682|0.73053966675|0.710313142304
17000|(30, 22, 14, 9, 6)|10|0.723588235294|0.786066712803|0.698705882353|0.748470588235|0.797167432526|0.797167418685|0.735297759069|0.716534958074
17000|(30, 22, 14, 9, 6)|11|0.728882352941|0.784051626298|0.728941176471|0.728823529412|0.798566567474|0.798565411765|0.728855428773|0.7288983001
17000|(30, 22, 14, 9, 6)|12|0.728352941176|0.79283266436|0.713882352941|0.742823529412|0.807855930796|0.807855916955|0.735158710928|0.724364330906
17000|(30, 22, 14, 9, 6)|13|0.726470588235|0.790135224913|0.718352941176|0.734588235294|0.801287307958|0.797765522491|0.73020808419|0.724232000949
17000|(30, 22, 14, 9, 6)|14|0.725823529412|0.788230034602|0.705411764706|0.746235294118|0.803230975779|0.803230975779|0.735434809273|0.720110490602
17000|(30, 22, 14, 9, 6)|15|0.724764705882|0.78163017301|0.722588235294|0.726941176471|0.799053017301|0.79905299654|0.725747370909|0.72416435772
17000|(30, 22, 14, 9, 6)|16|0.730058823529|0.790400138408|0.721647058824|0.738470588235|0.803627778547|0.80350750173|0.733995452914|0.727768879397
17000|(30, 22, 14, 9, 6)|17|0.721764705882|0.785287612457|0.714235294118|0.729294117647|0.791859453287|0.791859432526|0.725155279503|0.719653864391
17000|(30, 22, 14, 9, 6)|18|0.717647058824|0.779478685121|0.711764705882|0.723529411765|0.79410983391|0.79410982699|0.720238095238|0.715976331361
17000|(30, 22, 14, 9, 6)|19|0.727823529412|0.792892179931|0.721058823529|0.734588235294|0.80318367474|0.803183653979|0.730948121646|0.725969795677
17000|(30, 22, 14, 9, 6)|20|0.730411764706|0.795183806228|0.706588235294|0.754235294118|0.806076110727|0.806076096886|0.741939468808|0.723832479663
18000|(30, 22, 14, 9, 6)|1|0.727666666667|0.78931462963|0.706111111111|0.749222222222|0.801524660494|0.799835962963|0.737923827218|0.721667045196
18000|(30, 22, 14, 9, 6)|2|0.709722222222|0.788036419753|0.705333333333|0.714111111111|0.784760240741|0.784760222222|0.711579419348|0.708442609229
18000|(30, 22, 14, 9, 6)|3|0.729333333333|0.788064876543|0.731111111111|0.727555555556|0.806767925926|0.806767901235|0.72852081488|0.729813664596
18000|(30, 22, 14, 9, 6)|4|0.725833333333|0.785478024691|0.71|0.741666666667|0.800759895062|0.800759888889|0.73321858864|0.721422523285
18000|(30, 22, 14, 9, 6)|5|0.722166666667|0.784348641975|0.714|0.730333333333|0.80026708642|0.799130938272|0.725855642155|0.719879011931
18000|(30, 22, 14, 9, 6)|6|0.719611111111|0.784528641975|0.720666666667|0.718555555556|0.799155598765|0.799155580247|0.719148464353|0.719906765081
18000|(30, 22, 14, 9, 6)|7|0.722444444444|0.784260987654|0.707666666667|0.737222222222|0.796373524691|0.796373506173|0.729219143577|0.718281267622
18000|(30, 22, 14, 9, 6)|8|0.722|0.790207839506|0.699111111111|0.744888888889|0.80091754321|0.799282839506|0.732650209595|0.715487832613
18000|(30, 22, 14, 9, 6)|9|0.726333333333|0.787580864198|0.715111111111|0.737555555556|0.800892407407|0.800892382716|0.731529893158|0.723227328913
18000|(30, 22, 14, 9, 6)|10|0.717166666667|0.784332654321|0.707666666667|0.726666666667|0.791157740741|0.791157728395|0.721372748896|0.714453979472
18000|(30, 22, 14, 9, 6)|11|0.730277777778|0.792748271605|0.712111111111|0.748444444444|0.801592018519|0.801592012346|0.738959990776|0.725287161206
18000|(30, 22, 14, 9, 6)|12|0.716|0.785871296296|0.712111111111|0.719888888889|0.785761401235|0.785761395062|0.717693169093|0.714891243726
18000|(30, 22, 14, 9, 6)|13|0.716666666667|0.788708148148|0.712666666667|0.720666666667|0.790460314815|0.790460308642|0.718413978495|0.715528781794
18000|(30, 22, 14, 9, 6)|14|0.729166666667|0.791778580247|0.730222222222|0.728111111111|0.809978185185|0.809978160494|0.728683889566|0.729452244853
18000|(30, 22, 14, 9, 6)|15|0.720444444444|0.782721111111|0.700111111111|0.740777777778|0.794430117284|0.790889740741|0.729789205467|0.714642168538
18000|(30, 22, 14, 9, 6)|16|0.736777777778|0.790116234568|0.726444444444|0.747111111111|0.811526|0.811525962963|0.741774449739|0.734029415067
18000|(30, 22, 14, 9, 6)|17|0.713111111111|0.777210740741|0.703|0.723222222222|0.787899796296|0.787899790123|0.717509639374|0.71018071613
18000|(30, 22, 14, 9, 6)|18|0.729111111111|0.784729444444|0.718888888889|0.739333333333|0.802698648148|0.802572246914|0.73389292196|0.726313426134
18000|(30, 22, 14, 9, 6)|19|0.722333333333|0.786602037037|0.706555555556|0.738111111111|0.797335814815|0.797335802469|0.729577787976|0.717882140438
18000|(30, 22, 14, 9, 6)|20|0.728388888889|0.789389382716|0.701222222222|0.755555555556|0.802190290123|0.802190283951|0.741510985783|0.720804066016
19000|(30, 22, 14, 9, 6)|1|0.728368421053|0.789551412742|0.735052631579|0.721684210526|0.799416531856|0.799416520776|0.72535577023|0.730172008156
19000|(30, 22, 14, 9, 6)|2|0.726052631579|0.78941867036|0.716947368421|0.735157894737|0.798907750693|0.798907734072|0.730245523748|0.72353534817
19000|(30, 22, 14, 9, 6)|3|0.718105263158|0.783208808864|0.721473684211|0.714736842105|0.787014376731|0.787014371191|0.716645754914|0.719051615611
19000|(30, 22, 14, 9, 6)|4|0.719947368421|0.786302603878|0.696105263158|0.743789473684|0.795350144044|0.795350127424|0.730960539405|0.713107241063
19000|(30, 22, 14, 9, 6)|5|0.725578947368|0.7924233241|0.718631578947|0.732526315789|0.801041523546|0.800735268698|0.728757472246|0.723659105364
19000|(30, 22, 14, 9, 6)|6|0.724421052632|0.790421163435|0.713894736842|0.734947368421|0.798523113573|0.798523113573|0.729247311828|0.721489361702
19000|(30, 22, 14, 9, 6)|7|0.721578947368|0.787665152355|0.702421052632|0.740736842105|0.794171855956|0.794150825485|0.730407180385|0.716140802747
19000|(30, 22, 14, 9, 6)|8|0.715315789474|0.784431578947|0.707157894737|0.723473684211|0.791240542936|0.784814105263|0.718887105404|0.71297426373
19000|(30, 22, 14, 9, 6)|9|0.720421052632|0.785175124654|0.704736842105|0.736105263158|0.791351130194|0.791351113573|0.727559226255|0.715966206823
19000|(30, 22, 14, 9, 6)|10|0.725473684211|0.788424487535|0.713157894737|0.737789473684|0.799339889197|0.799339855956|0.731167709907|0.722050516892
19000|(30, 22, 14, 9, 6)|11|0.720789473684|0.785527313019|0.699789473684|0.741789473684|0.7951686759|0.7951686759|0.730469179211|0.714800279555
19000|(30, 22, 14, 9, 6)|12|0.723210526316|0.788899501385|0.707684210526|0.738736842105|0.795591750693|0.793786559557|0.730363932645|0.718845228549
19000|(30, 22, 14, 9, 6)|13|0.722157894737|0.7891633241|0.706736842105|0.737578947368|0.798037612188|0.798037595568|0.729227761486|0.717806168814
19000|(30, 22, 14, 9, 6)|14|0.720894736842|0.786158891967|0.704210526316|0.737578947368|0.795097734072|0.795097728532|0.728520091473|0.716159075095
19000|(30, 22, 14, 9, 6)|15|0.722947368421|0.791056786704|0.731578947368|0.714315789474|0.796326049861|0.79632601662|0.719163907285|0.725318305155
19000|(30, 22, 14, 9, 6)|16|0.727789473684|0.789336842105|0.732842105263|0.722736842105|0.797832864266|0.797832853186|0.725510629429|0.729157938835
19000|(30, 22, 14, 9, 6)|17|0.729578947368|0.785338891967|0.738421052632|0.720736842105|0.802089301939|0.802089296399|0.725589573852|0.731949081803
19000|(30, 22, 14, 9, 6)|18|0.721052631579|0.784738171745|0.706315789474|0.735789473684|0.795573307479|0.795573296399|0.727765726681|0.71688034188
19000|(30, 22, 14, 9, 6)|19|0.731947368421|0.797950747922|0.71|0.753894736842|0.807200637119|0.807200631579|0.742596058571|0.725932303718
19000|(30, 22, 14, 9, 6)|20|0.717368421053|0.789431745152|0.704947368421|0.729789473684|0.791793085873|0.791793063712|0.722905872193|0.713813685781
