SampleSize|Layers|TrainingRun|TrainingAccuracy|cvAUC|TrainingTPR|TrainingTNR|TrainingAUC|TrainingConcordance|TrainingPrecision|TrainingF1Score
5000|(30, 22, 14, 9, 6)|1|0.7272|0.7666784|0.69|0.7644|0.80060992|0.80060992|0.745462402766|0.716659742418
5000|(30, 22, 14, 9, 6)|2|0.7106|0.7550816|0.6744|0.7468|0.784144|0.784144|0.727037516171|0.699730234488
5000|(30, 22, 14, 9, 6)|3|0.7424|0.7399536|0.716|0.7688|0.80741632|0.80741632|0.755912162162|0.735414954807
5000|(30, 22, 14, 9, 6)|4|0.7296|0.7567936|0.6548|0.8044|0.79814744|0.79785712|0.769990592662|0.707738867272
5000|(30, 22, 14, 9, 6)|5|0.7284|0.7498544|0.6888|0.768|0.80396688|0.80396688|0.748045178106|0.717201166181
5000|(30, 22, 14, 9, 6)|6|0.7426|0.757148|0.6864|0.7988|0.81870688|0.81870688|0.773321315908|0.727272727273
5000|(30, 22, 14, 9, 6)|7|0.7186|0.7579776|0.6604|0.7768|0.79262352|0.79262352|0.747397012223|0.701210448078
5000|(30, 22, 14, 9, 6)|8|0.7268|0.7528672|0.6696|0.784|0.79806304|0.79806304|0.756097560976|0.710224862113
5000|(30, 22, 14, 9, 6)|9|0.7644|0.7263984|0.652|0.8768|0.82714208|0.82714208|0.841073271414|0.734565119423
5000|(30, 22, 14, 9, 6)|10|0.7292|0.7574496|0.6616|0.7968|0.80720288|0.80720288|0.765032377428|0.709566709567
5000|(30, 22, 14, 9, 6)|11|0.7478|0.7466672|0.7024|0.7932|0.81994056|0.81994048|0.772547294325|0.735805573015
5000|(30, 22, 14, 9, 6)|12|0.7338|0.7528816|0.6792|0.7884|0.81265344|0.81265328|0.762460709475|0.718426063042
5000|(30, 22, 14, 9, 6)|13|0.746|0.7510912|0.6932|0.7988|0.8153952|0.8153952|0.775044722719|0.731841216216
5000|(30, 22, 14, 9, 6)|14|0.7346|0.759544|0.71|0.7592|0.8088736|0.8088736|0.746739587716|0.727906499897
5000|(30, 22, 14, 9, 6)|15|0.7296|0.7578592|0.702|0.7572|0.80416432|0.80416432|0.743014394581|0.72192513369
5000|(30, 22, 14, 9, 6)|16|0.7398|0.7489152|0.6852|0.7944|0.81658672|0.81658672|0.76919622811|0.724772583034
5000|(30, 22, 14, 9, 6)|17|0.736|0.755984|0.7236|0.7484|0.80896688|0.80896688|0.742001640689|0.732685297691
5000|(30, 22, 14, 9, 6)|18|0.7318|0.7548256|0.6836|0.78|0.81722432|0.81722432|0.756529437804|0.718218113049
5000|(30, 22, 14, 9, 6)|19|0.7316|0.7516512|0.6632|0.8|0.80245376|0.80245376|0.768303985171|0.711893516531
5000|(30, 22, 14, 9, 6)|20|0.7386|0.7360736|0.6728|0.8044|0.81344624|0.8134448|0.774758175956|0.720188396489
6000|(30, 22, 14, 9, 6)|1|0.726666666667|0.75374|0.695|0.758333333333|0.791913666667|0.791848777778|0.741992882562|0.717728055077
6000|(30, 22, 14, 9, 6)|2|0.737333333333|0.752765555556|0.687666666667|0.787|0.820306555556|0.820306555556|0.763508512213|0.723605752368
6000|(30, 22, 14, 9, 6)|3|0.734166666667|0.743567222222|0.678|0.790333333333|0.806224888889|0.806224888889|0.76380022531|0.718347165813
6000|(30, 22, 14, 9, 6)|4|0.737333333333|0.765812222222|0.686|0.788666666667|0.808430388889|0.808430222222|0.764487369985|0.723120168658
6000|(30, 22, 14, 9, 6)|5|0.741166666667|0.766451111111|0.698666666667|0.783666666667|0.814170944444|0.814170777778|0.763570127505|0.729677980853
6000|(30, 22, 14, 9, 6)|6|0.731|0.74099|0.679|0.783|0.811526388889|0.811526333333|0.7578125|0.716244725738
6000|(30, 22, 14, 9, 6)|7|0.736166666667|0.768676666667|0.714|0.758333333333|0.811372555556|0.811372555556|0.747122427625|0.730185784899
6000|(30, 22, 14, 9, 6)|8|0.739|0.757151111111|0.678666666667|0.799333333333|0.808957666667|0.808957666667|0.77179681577|0.722241929762
6000|(30, 22, 14, 9, 6)|9|0.735|0.763906666667|0.709666666667|0.760333333333|0.812423222222|0.812423222222|0.747542134831|0.728112175103
6000|(30, 22, 14, 9, 6)|10|0.728333333333|0.758607777778|0.683|0.773666666667|0.805979777778|0.805979777778|0.751099706745|0.715432960894
6000|(30, 22, 14, 9, 6)|11|0.733333333333|0.752886666667|0.710333333333|0.756333333333|0.806516555556|0.806516555556|0.744584206848|0.727055612419
6000|(30, 22, 14, 9, 6)|12|0.717833333333|0.755373333333|0.676|0.759666666667|0.791436111111|0.791436111111|0.737722808294|0.705514002435
6000|(30, 22, 14, 9, 6)|13|0.734166666667|0.743199444444|0.680333333333|0.788|0.811798222222|0.811798222222|0.762420620097|0.719041747402
6000|(30, 22, 14, 9, 6)|14|0.735333333333|0.750448888889|0.697666666667|0.773|0.813138444444|0.813138444444|0.754506128335|0.724974021476
6000|(30, 22, 14, 9, 6)|15|0.749666666667|0.763441111111|0.686|0.813333333333|0.824933333333|0.824933333333|0.786096256684|0.73264506942
6000|(30, 22, 14, 9, 6)|16|0.744|0.76598|0.725|0.763|0.819449611111|0.819449555556|0.753638253638|0.739041794088
6000|(30, 22, 14, 9, 6)|17|0.730333333333|0.745962222222|0.661|0.799666666667|0.806734|0.806734|0.767414860681|0.710243553009
6000|(30, 22, 14, 9, 6)|18|0.747833333333|0.760817777778|0.712333333333|0.783333333333|0.823148444444|0.823148444444|0.766774309293|0.738551926732
6000|(30, 22, 14, 9, 6)|19|0.745166666667|0.759394444444|0.683666666667|0.806666666667|0.816597444444|0.816597444444|0.77955150133|0.728467412538
6000|(30, 22, 14, 9, 6)|20|0.735333333333|0.751996111111|0.668|0.802666666667|0.802671111111|0.802671111111|0.771956856703|0.716225875625
7000|(30, 22, 14, 9, 6)|1|0.732285714286|0.753584489796|0.674|0.790571428571|0.806973877551|0.806973877551|0.762936610608|0.715716019417
7000|(30, 22, 14, 9, 6)|2|0.744857142857|0.769270204082|0.685428571429|0.804285714286|0.814635918367|0.814635918367|0.777885862516|0.728736330498
7000|(30, 22, 14, 9, 6)|3|0.724571428571|0.769176326531|0.680571428571|0.768571428571|0.796625877551|0.796625877551|0.746240601504|0.711894799761
7000|(30, 22, 14, 9, 6)|4|0.732857142857|0.766718367347|0.679142857143|0.786571428571|0.805069061224|0.805069061224|0.760883482714|0.717693236715
7000|(30, 22, 14, 9, 6)|5|0.720571428571|0.752600816327|0.671714285714|0.769428571429|0.787896897959|0.787896897959|0.744458518049|0.706218083509
7000|(30, 22, 14, 9, 6)|6|0.725285714286|0.750460408163|0.668285714286|0.782285714286|0.798292163265|0.798292163265|0.754272815221|0.708680502954
7000|(30, 22, 14, 9, 6)|7|0.722|0.748563265306|0.677142857143|0.766857142857|0.795812897959|0.795812897959|0.743879472693|0.70894406222
7000|(30, 22, 14, 9, 6)|8|0.724857142857|0.761001632653|0.687142857143|0.762571428571|0.803958612245|0.803958612245|0.743201483313|0.714073634204
7000|(30, 22, 14, 9, 6)|9|0.739285714286|0.760487346939|0.682285714286|0.796285714286|0.808824489796|0.808824489796|0.770074169623|0.723526738373
7000|(30, 22, 14, 9, 6)|10|0.738857142857|0.767096326531|0.694571428571|0.783142857143|0.814252081633|0.814252081633|0.762068965517|0.726756352765
7000|(30, 22, 14, 9, 6)|11|0.732142857143|0.765998367347|0.679714285714|0.784571428571|0.811601061224|0.811601061224|0.759336099585|0.717322478517
7000|(30, 22, 14, 9, 6)|12|0.733428571429|0.763439591837|0.702285714286|0.764571428571|0.804136163265|0.804136163265|0.748933577087|0.724859923326
7000|(30, 22, 14, 9, 6)|13|0.736857142857|0.769100408163|0.685428571429|0.788285714286|0.807699673469|0.807699673469|0.764012738854|0.722590361446
7000|(30, 22, 14, 9, 6)|14|0.727285714286|0.759840816327|0.689428571429|0.765142857143|0.806085877551|0.806085877551|0.745904173107|0.716555308092
7000|(30, 22, 14, 9, 6)|15|0.736428571429|0.765745306122|0.674|0.798857142857|0.801999510204|0.801999510204|0.770159973882|0.718878561633
7000|(30, 22, 14, 9, 6)|16|0.739714285714|0.76544244898|0.666857142857|0.812571428571|0.815521387755|0.815521387755|0.780602006689|0.719260400616
7000|(30, 22, 14, 9, 6)|17|0.724857142857|0.762191020408|0.693714285714|0.756|0.794183591837|0.794183591837|0.739792809263|0.716012975523
7000|(30, 22, 14, 9, 6)|18|0.731714285714|0.763829387755|0.677428571429|0.786|0.809836653061|0.809836653061|0.759935897436|0.716314199396
7000|(30, 22, 14, 9, 6)|19|0.727285714286|0.768912653061|0.675142857143|0.779428571429|0.796447918367|0.796446530612|0.75374800638|0.712283345893
7000|(30, 22, 14, 9, 6)|20|0.725|0.766052244898|0.647428571429|0.802571428571|0.795306040816|0.795306040816|0.766317213392|0.701873935264
8000|(30, 22, 14, 9, 6)|1|0.7125|0.758206875|0.6665|0.7585|0.7919196875|0.7919196875|0.734030837004|0.698637316562
8000|(30, 22, 14, 9, 6)|2|0.727625|0.7604309375|0.6865|0.76875|0.8039568125|0.8038825|0.748025061291|0.71594316256
8000|(30, 22, 14, 9, 6)|3|0.722|0.761245|0.64225|0.80175|0.79639525|0.79639525|0.764128494943|0.697908177126
8000|(30, 22, 14, 9, 6)|4|0.729125|0.7620559375|0.66575|0.7925|0.80383025|0.80383025|0.76238190667|0.710796743627
8000|(30, 22, 14, 9, 6)|5|0.725375|0.773451875|0.69825|0.7525|0.7975306875|0.7975306875|0.738302934179|0.717718103559
8000|(30, 22, 14, 9, 6)|6|0.738625|0.770011875|0.69625|0.781|0.8099499375|0.8099499375|0.76072111445|0.727059130662
8000|(30, 22, 14, 9, 6)|7|0.735625|0.765899375|0.6685|0.80275|0.8039005|0.8039005|0.772162864568|0.71660190272
8000|(30, 22, 14, 9, 6)|8|0.73075|0.767059375|0.729|0.7325|0.8000171875|0.8000171875|0.731560461616|0.730277986476
8000|(30, 22, 14, 9, 6)|9|0.728625|0.760588125|0.67175|0.7855|0.803169875|0.803169875|0.757968970381|0.712259774685
8000|(30, 22, 14, 9, 6)|10|0.729375|0.759416875|0.666|0.79275|0.802098625|0.802098625|0.76266819353|0.711063659415
8000|(30, 22, 14, 9, 6)|11|0.727625|0.76462375|0.7|0.75525|0.8043561875|0.8043561875|0.740936755755|0.71988687492
8000|(30, 22, 14, 9, 6)|12|0.72025|0.7537159375|0.6625|0.778|0.79261934375|0.7926193125|0.749010740531|0.70310427169
8000|(30, 22, 14, 9, 6)|13|0.715625|0.7594275|0.655|0.77625|0.78521|0.78521|0.745376955903|0.697272122422
8000|(30, 22, 14, 9, 6)|14|0.707375|0.7596328125|0.6615|0.75325|0.7892848125|0.7892848125|0.728323699422|0.693305384515
8000|(30, 22, 14, 9, 6)|15|0.7395|0.7634959375|0.685|0.794|0.80807840625|0.808078375|0.768799102132|0.724484399788
8000|(30, 22, 14, 9, 6)|16|0.722375|0.76980125|0.681|0.76375|0.79808025|0.79808025|0.742436631235|0.710392489242
8000|(30, 22, 14, 9, 6)|17|0.726|0.770285|0.68825|0.76375|0.8032193125|0.8032193125|0.744456462953|0.715250714471
8000|(30, 22, 14, 9, 6)|18|0.740125|0.7714575|0.70675|0.7735|0.8089581875|0.8089581875|0.757299758907|0.731152204836
8000|(30, 22, 14, 9, 6)|19|0.741375|0.764631875|0.67725|0.8055|0.813454125|0.813454125|0.776885574993|0.723654334179
8000|(30, 22, 14, 9, 6)|20|0.735125|0.7711425|0.68125|0.789|0.808018|0.808018|0.763519193051|0.720042277712
9000|(30, 22, 14, 9, 6)|1|0.720111111111|0.76826617284|0.664666666667|0.775555555556|0.795845925926|0.795845925926|0.747563109223|0.703681919774
9000|(30, 22, 14, 9, 6)|2|0.707444444444|0.761477283951|0.673555555556|0.741333333333|0.77538745679|0.77538745679|0.72252681764|0.697182288672
9000|(30, 22, 14, 9, 6)|3|0.725666666667|0.750079012346|0.677777777778|0.773555555556|0.795495950617|0.795495950617|0.749569918899|0.711868362703
9000|(30, 22, 14, 9, 6)|4|0.710888888889|0.768101728395|0.660888888889|0.760888888889|0.788111160494|0.788111160494|0.734320987654|0.69567251462
9000|(30, 22, 14, 9, 6)|5|0.722444444444|0.758245185185|0.659555555556|0.785333333333|0.795837111111|0.79583708642|0.754448398577|0.703817880009
9000|(30, 22, 14, 9, 6)|6|0.716555555556|0.771700246914|0.652|0.781111111111|0.790639604938|0.790632444444|0.748660372544|0.696994892505
9000|(30, 22, 14, 9, 6)|7|0.718111111111|0.755005432099|0.659333333333|0.776888888889|0.792158419753|0.792158419753|0.747166960463|0.700507614213
9000|(30, 22, 14, 9, 6)|8|0.717777777778|0.759424691358|0.686222222222|0.749333333333|0.787305308642|0.787305283951|0.732447817837|0.708581918311
9000|(30, 22, 14, 9, 6)|9|0.722|0.770601481481|0.671333333333|0.772666666667|0.794452197531|0.794452197531|0.74703264095|0.707162921348
9000|(30, 22, 14, 9, 6)|10|0.730111111111|0.769428148148|0.677333333333|0.782888888889|0.802895901235|0.802895901235|0.757267080745|0.715073313783
9000|(30, 22, 14, 9, 6)|11|0.724222222222|0.763694074074|0.684444444444|0.764|0.796127259259|0.796127259259|0.743602124577|0.712797963434
9000|(30, 22, 14, 9, 6)|12|0.721222222222|0.767147407407|0.643111111111|0.799333333333|0.798809432099|0.798809432099|0.762180668949|0.697601542726
9000|(30, 22, 14, 9, 6)|13|0.715|0.766868148148|0.672222222222|0.757777777778|0.791682592593|0.791171703704|0.735115431349|0.702263493906
9000|(30, 22, 14, 9, 6)|14|0.733222222222|0.765229135802|0.660222222222|0.806222222222|0.804553283951|0.804553283951|0.773093937028|0.712213831955
9000|(30, 22, 14, 9, 6)|15|0.724444444444|0.76930617284|0.676222222222|0.772666666667|0.797342716049|0.797342716049|0.748401377275|0.710483306094
9000|(30, 22, 14, 9, 6)|16|0.720222222222|0.757418765432|0.669555555556|0.770888888889|0.794795259259|0.794795259259|0.745054401583|0.705290262172
9000|(30, 22, 14, 9, 6)|17|0.722444444444|0.765640987654|0.710666666667|0.734222222222|0.797741234568|0.797692345679|0.727810650888|0.719136496515
9000|(30, 22, 14, 9, 6)|18|0.720444444444|0.767584197531|0.679111111111|0.761777777778|0.793888345679|0.793888345679|0.740310077519|0.708391284191
9000|(30, 22, 14, 9, 6)|19|0.722777777778|0.765105679012|0.669333333333|0.776222222222|0.799920320988|0.799920296296|0.749440159244|0.707125249442
9000|(30, 22, 14, 9, 6)|20|0.730111111111|0.771130864198|0.687555555556|0.772666666667|0.798505530864|0.798505530864|0.751518095701|0.718115353371
10000|(30, 22, 14, 9, 6)|1|0.7357|0.771068|0.6876|0.7838|0.80787524|0.80787524|0.760787784908|0.722344784116
10000|(30, 22, 14, 9, 6)|2|0.7273|0.7665068|0.6806|0.774|0.80002616|0.80002616|0.750716964483|0.71394104689
10000|(30, 22, 14, 9, 6)|3|0.7166|0.7667202|0.68|0.7532|0.78896912|0.78896912|0.733707380233|0.705833506332
10000|(30, 22, 14, 9, 6)|4|0.7271|0.7710324|0.6812|0.773|0.7971596|0.7971596|0.750055053953|0.713971281836
10000|(30, 22, 14, 9, 6)|5|0.7145|0.7718242|0.6792|0.7498|0.78832076|0.78811276|0.730794060684|0.704053073494
10000|(30, 22, 14, 9, 6)|6|0.739|0.771571|0.6766|0.8014|0.8103668|0.8103668|0.773080438757|0.721629692833
10000|(30, 22, 14, 9, 6)|7|0.7229|0.7577028|0.6646|0.7812|0.79744776|0.79744776|0.752320579579|0.705744929383
10000|(30, 22, 14, 9, 6)|8|0.7318|0.7734552|0.6864|0.7772|0.80221972|0.80221948|0.754949406071|0.719044626021
10000|(30, 22, 14, 9, 6)|9|0.7226|0.7663868|0.6584|0.7868|0.79430272|0.79430272|0.755392381827|0.703569138705
10000|(30, 22, 14, 9, 6)|10|0.7255|0.7709864|0.6796|0.7714|0.79682242|0.7968224|0.748293327461|0.712294308773
10000|(30, 22, 14, 9, 6)|11|0.7182|0.76513|0.6724|0.764|0.7892624|0.7892624|0.740202553941|0.704674072521
10000|(30, 22, 14, 9, 6)|12|0.7233|0.765882|0.6856|0.761|0.787795|0.787795|0.741509842094|0.712459731892
10000|(30, 22, 14, 9, 6)|13|0.7199|0.7661384|0.6672|0.7726|0.7920836|0.7918136|0.745808182428|0.704317534044
10000|(30, 22, 14, 9, 6)|14|0.7199|0.7621332|0.6816|0.7582|0.79200852|0.79200852|0.738141650422|0.708744930852
10000|(30, 22, 14, 9, 6)|15|0.7236|0.7750644|0.6936|0.7536|0.79693252|0.79692904|0.737872340426|0.715051546392
10000|(30, 22, 14, 9, 6)|16|0.7187|0.76965|0.6804|0.757|0.79405836|0.79405836|0.736842105263|0.70749714048
10000|(30, 22, 14, 9, 6)|17|0.7134|0.7683244|0.6794|0.7474|0.79000124|0.79000124|0.728969957082|0.7033126294
10000|(30, 22, 14, 9, 6)|18|0.724|0.7630144|0.67|0.778|0.7961544|0.7961544|0.751121076233|0.708245243129
10000|(30, 22, 14, 9, 6)|19|0.7247|0.7741228|0.6678|0.7816|0.80329464|0.80329464|0.75355450237|0.708090340367
10000|(30, 22, 14, 9, 6)|20|0.7282|0.7528764|0.6676|0.7888|0.7986894|0.79868936|0.759672280382|0.710666382798
11000|(30, 22, 14, 9, 6)|1|0.718363636364|0.763697520661|0.679454545455|0.757272727273|0.790306975207|0.790306975207|0.73679022082|0.706961785849
11000|(30, 22, 14, 9, 6)|2|0.723|0.769112727273|0.681090909091|0.764909090909|0.795436694215|0.795436694215|0.743401468545|0.71088338552
11000|(30, 22, 14, 9, 6)|3|0.721818181818|0.771803305785|0.673636363636|0.77|0.793657173554|0.793657157025|0.745472837022|0.707736389685
11000|(30, 22, 14, 9, 6)|4|0.726545454545|0.772831404959|0.682727272727|0.770363636364|0.791602909091|0.791600429752|0.748306098047|0.714014071116
11000|(30, 22, 14, 9, 6)|5|0.723818181818|0.769958677686|0.664727272727|0.782909090909|0.795482280992|0.795482280992|0.75381443299|0.706473429952
11000|(30, 22, 14, 9, 6)|6|0.716454545455|0.764059834711|0.696181818182|0.736727272727|0.789900561983|0.789900561983|0.725601667614|0.710587361975
11000|(30, 22, 14, 9, 6)|7|0.717090909091|0.774516859504|0.695636363636|0.738545454545|0.79288877686|0.792888760331|0.726823708207|0.710888145671
11000|(30, 22, 14, 9, 6)|8|0.717818181818|0.769918347107|0.672909090909|0.762727272727|0.791313256198|0.791313256198|0.73931282461|0.704549781077
11000|(30, 22, 14, 9, 6)|9|0.723181818182|0.772320330579|0.689272727273|0.757090909091|0.797376198347|0.797376198347|0.739418763409|0.713465700574
11000|(30, 22, 14, 9, 6)|10|0.735636363636|0.776518677686|0.671090909091|0.800181818182|0.807536165289|0.807536165289|0.770563674322|0.71739552964
11000|(30, 22, 14, 9, 6)|11|0.725363636364|0.771178512397|0.718363636364|0.732363636364|0.796493884298|0.796493884298|0.728563525724|0.723427629772
11000|(30, 22, 14, 9, 6)|12|0.730181818182|0.773694876033|0.710181818182|0.750181818182|0.802188628099|0.802188330579|0.739772727273|0.724675324675
11000|(30, 22, 14, 9, 6)|13|0.733636363636|0.761021487603|0.687090909091|0.780181818182|0.800889520661|0.800889520661|0.757618283881|0.7206331045
11000|(30, 22, 14, 9, 6)|14|0.714909090909|0.764690578512|0.67|0.759818181818|0.786221652893|0.786221652893|0.736116660008|0.701503902532
11000|(30, 22, 14, 9, 6)|15|0.722|0.77097768595|0.667636363636|0.776363636364|0.79223061157|0.79223061157|0.749082007344|0.706018073447
11000|(30, 22, 14, 9, 6)|16|0.725545454545|0.766383140496|0.675272727273|0.775818181818|0.79556938843|0.79556938843|0.750758035173|0.711017516991
11000|(30, 22, 14, 9, 6)|17|0.728545454545|0.777020330579|0.685454545455|0.771636363636|0.79972968595|0.79972968595|0.75009948269|0.716321489645
11000|(30, 22, 14, 9, 6)|18|0.725090909091|0.767994545455|0.686|0.764181818182|0.798238826446|0.798238809917|0.744181459566|0.713907284768
11000|(30, 22, 14, 9, 6)|19|0.715|0.768954710744|0.669454545455|0.760545454545|0.785603371901|0.785603371901|0.736547309462|0.701400133346
11000|(30, 22, 14, 9, 6)|20|0.720909090909|0.771421652893|0.671090909091|0.770727272727|0.799944214876|0.799944198347|0.745355411955|0.706276310754
12000|(30, 22, 14, 9, 6)|1|0.72525|0.779530555556|0.708|0.7425|0.798602611111|0.798602611111|0.733298808907|0.72042737217
12000|(30, 22, 14, 9, 6)|2|0.726083333333|0.772899861111|0.669333333333|0.782833333333|0.798258055556|0.798258055556|0.755029140816|0.709603321848
12000|(30, 22, 14, 9, 6)|3|0.714666666667|0.763306666667|0.640833333333|0.7885|0.781805736111|0.781805722222|0.751857645679|0.691920100774
12000|(30, 22, 14, 9, 6)|4|0.719666666667|0.776711111111|0.671333333333|0.768|0.797129194444|0.797129194444|0.743173431734|0.705429071804
12000|(30, 22, 14, 9, 6)|5|0.7305|0.780453888889|0.704833333333|0.756166666667|0.802761944444|0.802761944444|0.742972593113|0.723400615806
12000|(30, 22, 14, 9, 6)|6|0.717083333333|0.769456111111|0.665|0.769166666667|0.788232888889|0.788232055556|0.742325581395|0.701538461538
12000|(30, 22, 14, 9, 6)|7|0.7195|0.760810555556|0.645666666667|0.793333333333|0.790659333333|0.790659333333|0.757528353539|0.697138743927
12000|(30, 22, 14, 9, 6)|8|0.721416666667|0.771591388889|0.675333333333|0.7675|0.791878472222|0.791877638889|0.743895722416|0.707958417053
12000|(30, 22, 14, 9, 6)|9|0.725|0.775224444444|0.674166666667|0.775833333333|0.798468111111|0.798468111111|0.750463821892|0.710272168569
12000|(30, 22, 14, 9, 6)|10|0.7205|0.768436111111|0.678666666667|0.762333333333|0.794995861111|0.794995861111|0.740632957439|0.708297095147
12000|(30, 22, 14, 9, 6)|11|0.70675|0.767025|0.648833333333|0.764666666667|0.779516138889|0.779516138889|0.73383600377|0.688721804511
12000|(30, 22, 14, 9, 6)|12|0.723166666667|0.767936388889|0.665666666667|0.780666666667|0.794575111111|0.794575111111|0.752165725047|0.706277630416
12000|(30, 22, 14, 9, 6)|13|0.713083333333|0.766625972222|0.664833333333|0.761333333333|0.786314305556|0.786314305556|0.735842095554|0.69853778128
12000|(30, 22, 14, 9, 6)|14|0.727166666667|0.764431666667|0.6825|0.771833333333|0.79485275|0.794852722222|0.749450951684|0.714410327983
12000|(30, 22, 14, 9, 6)|15|0.724333333333|0.775201944444|0.689166666667|0.7595|0.799085305556|0.799085305556|0.741305127286|0.714285714286
12000|(30, 22, 14, 9, 6)|16|0.721833333333|0.76017|0.678833333333|0.764833333333|0.791062138889|0.791062138889|0.742706053975|0.709334726576
12000|(30, 22, 14, 9, 6)|17|0.715833333333|0.768222222222|0.667166666667|0.7645|0.791796583333|0.791796583333|0.739106351551|0.701296426069
12000|(30, 22, 14, 9, 6)|18|0.718416666667|0.7753425|0.679|0.757833333333|0.791632194444|0.791632194444|0.737108738918|0.706862149735
12000|(30, 22, 14, 9, 6)|19|0.719083333333|0.766408472222|0.659666666667|0.7785|0.796224763889|0.79622475|0.748628711935|0.701337822273
12000|(30, 22, 14, 9, 6)|20|0.73475|0.776389166667|0.690333333333|0.779166666667|0.802177055556|0.802177055556|0.757636729468|0.722420859859
13000|(30, 22, 14, 9, 6)|1|0.720769230769|0.765716449704|0.660769230769|0.780769230769|0.787969633136|0.787969633136|0.750874125874|0.70294599018
13000|(30, 22, 14, 9, 6)|2|0.720307692308|0.763135857988|0.694|0.746615384615|0.790065076923|0.790065065089|0.732543033452|0.712750829515
13000|(30, 22, 14, 9, 6)|3|0.721|0.773070769231|0.680153846154|0.761846153846|0.79215008284|0.79215008284|0.740660077065|0.709118614163
13000|(30, 22, 14, 9, 6)|4|0.715538461538|0.774423431953|0.657230769231|0.773846153846|0.791152923077|0.791152923077|0.743991640543|0.697925175625
13000|(30, 22, 14, 9, 6)|5|0.725769230769|0.766828639053|0.688461538462|0.763076923077|0.795933088757|0.795933088757|0.743973399834|0.715141829804
13000|(30, 22, 14, 9, 6)|6|0.711769230769|0.768562840237|0.664461538462|0.759076923077|0.782444307692|0.782444307692|0.733899745115|0.697456600727
13000|(30, 22, 14, 9, 6)|7|0.728230769231|0.77751739645|0.687076923077|0.769384615385|0.79859112426|0.79859112426|0.748700754401|0.71656638588
13000|(30, 22, 14, 9, 6)|8|0.713|0.761814792899|0.646153846154|0.779846153846|0.773514887574|0.773514887574|0.745871070858|0.69244085401
13000|(30, 22, 14, 9, 6)|9|0.718923076923|0.772958343195|0.679692307692|0.758153846154|0.788447431953|0.788447431953|0.737562604341|0.707445956765
13000|(30, 22, 14, 9, 6)|10|0.720384615385|0.772527337278|0.667076923077|0.773692307692|0.788797940828|0.788797940828|0.746685035302|0.70463963598
13000|(30, 22, 14, 9, 6)|11|0.710692307692|0.7678|0.662153846154|0.759230769231|0.784740591716|0.784740591716|0.733344692452|0.695933381842
13000|(30, 22, 14, 9, 6)|12|0.722923076923|0.775507455621|0.701538461538|0.744307692308|0.794177325444|0.794177325444|0.732883317261|0.716868416916
13000|(30, 22, 14, 9, 6)|13|0.717923076923|0.766888994083|0.643076923077|0.792769230769|0.789432923077|0.789432923077|0.756287316808|0.695102685624
13000|(30, 22, 14, 9, 6)|14|0.722769230769|0.769496331361|0.685846153846|0.759692307692|0.789326792899|0.789326792899|0.740531561462|0.71214057508
13000|(30, 22, 14, 9, 6)|15|0.722384615385|0.774862011834|0.682153846154|0.762615384615|0.794519431953|0.794519431953|0.741843734315|0.710747775908
13000|(30, 22, 14, 9, 6)|16|0.717461538462|0.76782816568|0.681230769231|0.753692307692|0.789110201183|0.789110201183|0.734450157572|0.706840130896
13000|(30, 22, 14, 9, 6)|17|0.727846153846|0.774420828402|0.662307692308|0.793384615385|0.791902189349|0.788221230769|0.762216713881|0.708758643398
13000|(30, 22, 14, 9, 6)|18|0.720384615385|0.767746745562|0.665846153846|0.774923076923|0.790867100592|0.790867100592|0.74736660335|0.704255146042
13000|(30, 22, 14, 9, 6)|19|0.721230769231|0.767815147929|0.673846153846|0.768615384615|0.79510964497|0.795109633136|0.74439157036|0.707364341085
13000|(30, 22, 14, 9, 6)|20|0.720692307692|0.771432899408|0.679692307692|0.761692307692|0.792886390533|0.792886390533|0.740405563935|0.708751102912
14000|(30, 22, 14, 9, 6)|1|0.716142857143|0.772365714286|0.701428571429|0.730857142857|0.789502122449|0.789502102041|0.722696496909|0.711903726258
14000|(30, 22, 14, 9, 6)|2|0.722142857143|0.772792040816|0.685|0.759285714286|0.794394408163|0.794394387755|0.739969135802|0.711424332344
14000|(30, 22, 14, 9, 6)|3|0.722357142857|0.766558163265|0.671857142857|0.772857142857|0.792938734694|0.792938734694|0.747338312411|0.707590461145
14000|(30, 22, 14, 9, 6)|4|0.725357142857|0.777986938776|0.678714285714|0.772|0.794132081633|0.794132081633|0.74854261856|0.711920281711
14000|(30, 22, 14, 9, 6)|5|0.722285714286|0.774303673469|0.662|0.782571428571|0.795160408163|0.795160408163|0.752761533463|0.7044694436
14000|(30, 22, 14, 9, 6)|6|0.7175|0.768914081633|0.669285714286|0.765714285714|0.787032816327|0.787032816327|0.740711462451|0.703189493433
14000|(30, 22, 14, 9, 6)|7|0.726285714286|0.783181632653|0.701714285714|0.750857142857|0.798116489796|0.798116489796|0.737980769231|0.719390743995
14000|(30, 22, 14, 9, 6)|8|0.729571428571|0.777015510204|0.672857142857|0.786285714286|0.799580285714|0.799580285714|0.758942958427|0.71331213085
14000|(30, 22, 14, 9, 6)|9|0.715214285714|0.769677142857|0.662142857143|0.768285714286|0.785651816327|0.785651816327|0.740770337222|0.699253224711
14000|(30, 22, 14, 9, 6)|10|0.726214285714|0.771409591837|0.664714285714|0.787714285714|0.793803255102|0.793803244898|0.757941032741|0.708273080143
14000|(30, 22, 14, 9, 6)|11|0.719571428571|0.775351836735|0.675285714286|0.763857142857|0.791301265306|0.791301265306|0.740909090909|0.706576980568
14000|(30, 22, 14, 9, 6)|12|0.716928571429|0.767980714286|0.666142857143|0.767714285714|0.790328816327|0.790328816327|0.741453331213|0.701783429904
14000|(30, 22, 14, 9, 6)|13|0.722071428571|0.776280816327|0.689571428571|0.754571428571|0.798837489796|0.798837489796|0.737509549274|0.712735326689
14000|(30, 22, 14, 9, 6)|14|0.720142857143|0.773416326531|0.681571428571|0.758714285714|0.792343989796|0.792343979592|0.738544891641|0.708915304606
14000|(30, 22, 14, 9, 6)|15|0.7145|0.768496632653|0.667428571429|0.761571428571|0.787277918367|0.787277918367|0.736792304053|0.700397271569
14000|(30, 22, 14, 9, 6)|16|0.7215|0.774440816327|0.676142857143|0.766857142857|0.789985642857|0.789985632653|0.743597800471|0.708267863823
14000|(30, 22, 14, 9, 6)|17|0.729785714286|0.77807744898|0.674714285714|0.784857142857|0.797086357143|0.797086326531|0.758227644887|0.714037342203
14000|(30, 22, 14, 9, 6)|18|0.710571428571|0.760604795918|0.661857142857|0.759285714286|0.778540397959|0.778540387755|0.733301677746|0.69575011263
14000|(30, 22, 14, 9, 6)|19|0.722285714286|0.771892959184|0.661714285714|0.782857142857|0.791365704082|0.791365693878|0.752925877763|0.704379562044
14000|(30, 22, 14, 9, 6)|20|0.7315|0.779283469388|0.692285714286|0.770714285714|0.798135755102|0.798135755102|0.75120136413|0.720541223701
15000|(30, 22, 14, 9, 6)|1|0.7204|0.779068977778|0.6716|0.7692|0.793879004444|0.793879004444|0.744237588652|0.706055508831
15000|(30, 22, 14, 9, 6)|2|0.714533333333|0.763969066667|0.6708|0.758266666667|0.781854186667|0.781854186667|0.735096434833|0.701477969883
15000|(30, 22, 14, 9, 6)|3|0.727066666667|0.778067377778|0.696933333333|0.7572|0.798256462222|0.797076906667|0.741628830874|0.718586747319
15000|(30, 22, 14, 9, 6)|4|0.722066666667|0.776678577778|0.665866666667|0.778266666667|0.795676106667|0.795676106667|0.75018777227|0.705516705517
15000|(30, 22, 14, 9, 6)|5|0.721666666667|0.770865777778|0.6608|0.782533333333|0.791491786667|0.791491786667|0.752391073326|0.70362745794
15000|(30, 22, 14, 9, 6)|6|0.717466666667|0.777178933333|0.680933333333|0.754|0.788464426667|0.788464426667|0.734608745685|0.706753390534
15000|(30, 22, 14, 9, 6)|7|0.722|0.773646844444|0.685333333333|0.758666666667|0.791696124444|0.791696124444|0.739568345324|0.711418685121
15000|(30, 22, 14, 9, 6)|8|0.719733333333|0.776825244444|0.668666666667|0.7708|0.790409688889|0.790409688889|0.744728244728|0.704650836026
15000|(30, 22, 14, 9, 6)|9|0.7296|0.778639822222|0.694266666667|0.764933333333|0.800919271111|0.800919271111|0.747058823529|0.719695922598
15000|(30, 22, 14, 9, 6)|10|0.722666666667|0.775544177778|0.6816|0.763733333333|0.790708728889|0.790708728889|0.74259151656|0.710789766407
15000|(30, 22, 14, 9, 6)|11|0.715|0.765413155556|0.6752|0.7548|0.781463386667|0.781463377778|0.733594089526|0.703186836076
15000|(30, 22, 14, 9, 6)|12|0.721866666667|0.768995733333|0.6668|0.776933333333|0.794789928889|0.79478992|0.749325741684|0.705658247495
15000|(30, 22, 14, 9, 6)|13|0.719666666667|0.769617688889|0.662933333333|0.7764|0.791108231111|0.791108231111|0.747781621296|0.702805852004
15000|(30, 22, 14, 9, 6)|14|0.7222|0.770045333333|0.673066666667|0.771333333333|0.792233795556|0.79188528|0.746414313175|0.707845474304
15000|(30, 22, 14, 9, 6)|15|0.719933333333|0.774697422222|0.669733333333|0.770133333333|0.790047582222|0.790047573333|0.744479027716|0.705130904752
15000|(30, 22, 14, 9, 6)|16|0.722866666667|0.773043911111|0.677066666667|0.768666666667|0.792718933333|0.792718933333|0.745339791575|0.709564731363
15000|(30, 22, 14, 9, 6)|17|0.719333333333|0.773441155556|0.6772|0.761466666667|0.788373315556|0.788373315556|0.739516598719|0.706987750557
15000|(30, 22, 14, 9, 6)|18|0.7188|0.774554311111|0.672|0.7656|0.792992124444|0.792992124444|0.741394527802|0.704993705413
15000|(30, 22, 14, 9, 6)|19|0.721133333333|0.776105066667|0.664666666667|0.7776|0.793391493333|0.793391484444|0.749286036375|0.70444428743
15000|(30, 22, 14, 9, 6)|20|0.7188|0.775576711111|0.679466666667|0.758133333333|0.789580071111|0.789580071111|0.737481910275|0.707286606523
16000|(30, 22, 14, 9, 6)|1|0.7160625|0.7692125|0.670375|0.76175|0.787001304687|0.787001296875|0.737790617692|0.702469054948
16000|(30, 22, 14, 9, 6)|2|0.7115|0.7709190625|0.663375|0.759625|0.785022859375|0.785022859375|0.734024896266|0.696913985555
16000|(30, 22, 14, 9, 6)|3|0.7178125|0.774272890625|0.694375|0.74125|0.79109896875|0.79109896875|0.728524590164|0.71104
16000|(30, 22, 14, 9, 6)|4|0.7161875|0.77184453125|0.67575|0.756625|0.784881710938|0.784881703125|0.735210118319|0.704227186869
16000|(30, 22, 14, 9, 6)|5|0.7179375|0.77244328125|0.67625|0.759625|0.7939445625|0.79286396875|0.737760807309|0.705667514511
16000|(30, 22, 14, 9, 6)|6|0.724625|0.782783828125|0.680875|0.768375|0.79443934375|0.7944345|0.746164383562|0.712026143791
16000|(30, 22, 14, 9, 6)|7|0.72075|0.7772096875|0.67675|0.76475|0.793051085937|0.793051078125|0.742050438596|0.70789748954
16000|(30, 22, 14, 9, 6)|8|0.7245625|0.77546625|0.686625|0.7625|0.794562195312|0.7945621875|0.743000135263|0.713701032937
16000|(30, 22, 14, 9, 6)|9|0.722625|0.77945328125|0.680625|0.764625|0.793268203125|0.793268203125|0.743040393013|0.710464509395
16000|(30, 22, 14, 9, 6)|10|0.7204375|0.76738765625|0.665625|0.77525|0.790167398438|0.790167390625|0.747578267584|0.704225352113
16000|(30, 22, 14, 9, 6)|11|0.719625|0.7773075|0.672375|0.766875|0.79388109375|0.79388109375|0.742545554942|0.70572028339
16000|(30, 22, 14, 9, 6)|12|0.7214375|0.773462109375|0.66975|0.773125|0.791793414063|0.79179340625|0.746967795901|0.706254531075
16000|(30, 22, 14, 9, 6)|13|0.7108125|0.77408359375|0.681125|0.7405|0.788018875|0.78567215625|0.724119601329|0.701964573269
16000|(30, 22, 14, 9, 6)|14|0.7135|0.76693234375|0.671|0.756|0.78177921875|0.781779203125|0.733333333333|0.700783289817
16000|(30, 22, 14, 9, 6)|15|0.7225|0.779081953125|0.671125|0.773875|0.7960331875|0.7960331875|0.747979938702|0.707471340098
16000|(30, 22, 14, 9, 6)|16|0.722375|0.77738890625|0.678125|0.766625|0.795150195312|0.7951501875|0.743965990126|0.709521318336
16000|(30, 22, 14, 9, 6)|17|0.723875|0.77640890625|0.679375|0.768375|0.794444484375|0.794444484375|0.745746432492|0.711015175301
16000|(30, 22, 14, 9, 6)|18|0.71625|0.7704|0.6685|0.764|0.78692471875|0.78692471875|0.739082365948|0.70202152796
16000|(30, 22, 14, 9, 6)|19|0.726625|0.77713234375|0.678875|0.774375|0.793837046875|0.793837046875|0.750552791598|0.712916776057
16000|(30, 22, 14, 9, 6)|20|0.7224375|0.771191875|0.67525|0.769625|0.795013765625|0.795013765625|0.745617667357|0.708691374221
17000|(30, 22, 14, 9, 6)|1|0.721823529412|0.770415155709|0.669176470588|0.774470588235|0.787426602076|0.787425702422|0.747928994083|0.70636448308
17000|(30, 22, 14, 9, 6)|2|0.718235294118|0.77280733564|0.677294117647|0.759176470588|0.787124276817|0.785525397924|0.737698616094|0.706207065751
17000|(30, 22, 14, 9, 6)|3|0.723411764706|0.779012041522|0.677058823529|0.769764705882|0.796760055363|0.79676|0.746239626556|0.709967924994
17000|(30, 22, 14, 9, 6)|4|0.715941176471|0.773028373702|0.702352941176|0.729529411765|0.788027231834|0.788027224913|0.721973636474|0.712028147176
17000|(30, 22, 14, 9, 6)|5|0.716|0.774615916955|0.664352941176|0.767647058824|0.789830103806|0.789830089965|0.740881658357|0.700533432577
17000|(30, 22, 14, 9, 6)|6|0.720117647059|0.772530380623|0.658588235294|0.781647058824|0.78857732872|0.78857732872|0.751006171183|0.701767581798
17000|(30, 22, 14, 9, 6)|7|0.721470588235|0.778683737024|0.692705882353|0.750235294118|0.794285259516|0.794285259516|0.734989389589|0.713221488705
17000|(30, 22, 14, 9, 6)|8|0.72|0.781461591696|0.681764705882|0.758235294118|0.79875467128|0.798749134948|0.73821656051|0.708868501529
17000|(30, 22, 14, 9, 6)|9|0.718|0.773443044983|0.679294117647|0.756705882353|0.789841307958|0.789841301038|0.736291762306|0.706645453433
17000|(30, 22, 14, 9, 6)|10|0.718411764706|0.774948927336|0.668588235294|0.768235294118|0.789620193772|0.789620193772|0.742584607344|0.703646381477
17000|(30, 22, 14, 9, 6)|11|0.718176470588|0.772155155709|0.685764705882|0.750588235294|0.79212433218|0.79212433218|0.733299786137|0.70873609338
17000|(30, 22, 14, 9, 6)|12|0.717235294118|0.769313079585|0.670117647059|0.764352941176|0.787031799308|0.787031792388|0.739836342382|0.70325328724
17000|(30, 22, 14, 9, 6)|13|0.714764705882|0.765058961938|0.664352941176|0.765176470588|0.787855342561|0.78785533564|0.738846002878|0.699622127238
17000|(30, 22, 14, 9, 6)|14|0.725588235294|0.77032567474|0.686352941176|0.764823529412|0.79225950173|0.79225950173|0.744797650964|0.714381926162
17000|(30, 22, 14, 9, 6)|15|0.715647058824|0.77248982699|0.682235294118|0.749058823529|0.790629432526|0.790629425606|0.731089258699|0.705817916261
17000|(30, 22, 14, 9, 6)|16|0.716823529412|0.772006643599|0.662941176471|0.770705882353|0.791056373702|0.791056373702|0.743011603376|0.700696344193
17000|(30, 22, 14, 9, 6)|17|0.712941176471|0.775166366782|0.656352941176|0.769529411765|0.784554103806|0.784511543253|0.740116741841|0.695722658686
17000|(30, 22, 14, 9, 6)|18|0.718705882353|0.773793979239|0.678588235294|0.758823529412|0.785712124567|0.785712124567|0.737784599642|0.706949381052
17000|(30, 22, 14, 9, 6)|19|0.724235294118|0.77486083045|0.690588235294|0.757882352941|0.792571910035|0.792571903114|0.740413723512|0.714633552471
17000|(30, 22, 14, 9, 6)|20|0.720352941176|0.774511557093|0.661411764706|0.779294117647|0.789750055363|0.789750048443|0.749799946652|0.702837854732
18000|(30, 22, 14, 9, 6)|1|0.719166666667|0.774737777778|0.671111111111|0.767222222222|0.791101512346|0.791101506173|0.742470805163|0.704989786986
18000|(30, 22, 14, 9, 6)|2|0.723277777778|0.781306419753|0.676555555556|0.77|0.795355660494|0.795355654321|0.746292437799|0.709715018358
18000|(30, 22, 14, 9, 6)|3|0.719277777778|0.776624382716|0.67|0.768555555556|0.795191296296|0.795191296296|0.743251571552|0.704727400222
18000|(30, 22, 14, 9, 6)|4|0.719888888889|0.779222098765|0.673888888889|0.765888888889|0.792021728395|0.792021728395|0.742168379834|0.706382483112
18000|(30, 22, 14, 9, 6)|5|0.711833333333|0.76524|0.673111111111|0.750555555556|0.78014808642|0.78014808642|0.729615801518|0.70022539444
18000|(30, 22, 14, 9, 6)|6|0.727|0.78143962963|0.681|0.773|0.796278197531|0.796278197531|0.75|0.713836477987
18000|(30, 22, 14, 9, 6)|7|0.713055555556|0.771345493827|0.680111111111|0.746|0.787776351852|0.787776345679|0.728083739741|0.703280289539
18000|(30, 22, 14, 9, 6)|8|0.706944444444|0.77102882716|0.662888888889|0.751|0.780998098765|0.780998098765|0.726940416717|0.693438716801
18000|(30, 22, 14, 9, 6)|9|0.721833333333|0.774776296296|0.676888888889|0.766777777778|0.790823104938|0.790823098765|0.743743132707|0.708742946891
18000|(30, 22, 14, 9, 6)|10|0.714611111111|0.772587160494|0.678444444444|0.750777777778|0.784543759259|0.784543012346|0.731345071266|0.703902242204
18000|(30, 22, 14, 9, 6)|11|0.725388888889|0.779969506173|0.668222222222|0.782555555556|0.798291259259|0.798291259259|0.754485008155|0.708738436156
18000|(30, 22, 14, 9, 6)|12|0.711666666667|0.771272098765|0.658888888889|0.764444444444|0.78356137037|0.78356137037|0.736645962733|0.695601173021
18000|(30, 22, 14, 9, 6)|13|0.724166666667|0.776935555556|0.693888888889|0.754444444444|0.791956111111|0.791956111111|0.73861620343|0.715554282441
18000|(30, 22, 14, 9, 6)|14|0.716888888889|0.774048395062|0.679777777778|0.754|0.791395660494|0.791395654321|0.734277484398|0.705977382876
18000|(30, 22, 14, 9, 6)|15|0.718166666667|0.77266308642|0.673777777778|0.762555555556|0.787431345679|0.787431345679|0.739422021705|0.705075286321
18000|(30, 22, 14, 9, 6)|16|0.722833333333|0.777617407407|0.685|0.760666666667|0.792117574074|0.792117567901|0.741074648395|0.711934869219
18000|(30, 22, 14, 9, 6)|17|0.720833333333|0.774993580247|0.682222222222|0.759444444444|0.793631|0.793631|0.739313666466|0.709621496677
18000|(30, 22, 14, 9, 6)|18|0.713777777778|0.768857222222|0.679666666667|0.747888888889|0.784448716049|0.784448716049|0.729430002385|0.703669619234
18000|(30, 22, 14, 9, 6)|19|0.719444444444|0.778741111111|0.669222222222|0.769666666667|0.789458240741|0.789458234568|0.743947628458|0.704609265325
18000|(30, 22, 14, 9, 6)|20|0.716055555556|0.771627716049|0.661222222222|0.770888888889|0.786896802469|0.786896790123|0.742668164233|0.699582672074
19000|(30, 22, 14, 9, 6)|1|0.711894736842|0.774073795014|0.648631578947|0.775157894737|0.782362864266|0.782362858726|0.74258857556|0.692437352512
19000|(30, 22, 14, 9, 6)|2|0.716421052632|0.77111966759|0.682526315789|0.750315789474|0.785423795014|0.785423789474|0.732158988257|0.706471998257
19000|(30, 22, 14, 9, 6)|3|0.718|0.776478891967|0.671263157895|0.764736842105|0.792594570637|0.792594570637|0.740478402229|0.704174028269
19000|(30, 22, 14, 9, 6)|4|0.719736842105|0.778545595568|0.660210526316|0.779263157895|0.791428088643|0.791428077562|0.749432429203|0.701997873412
19000|(30, 22, 14, 9, 6)|5|0.716578947368|0.777450083102|0.655684210526|0.777473684211|0.786872864266|0.786872864266|0.746613927844|0.698200975172
19000|(30, 22, 14, 9, 6)|6|0.718368421053|0.7749633241|0.680842105263|0.755894736842|0.789403296399|0.789403290859|0.736087401844|0.707387761798
19000|(30, 22, 14, 9, 6)|7|0.716578947368|0.770509085873|0.666|0.767157894737|0.789526759003|0.789526747922|0.740953273217|0.701480126393
19000|(30, 22, 14, 9, 6)|8|0.715789473684|0.772025373961|0.669473684211|0.762105263158|0.7867126759|0.7867126759|0.737819025522|0.701986754967
19000|(30, 22, 14, 9, 6)|9|0.715684210526|0.770464155125|0.670842105263|0.760526315789|0.786308648199|0.786308642659|0.736933395005|0.702336345603
19000|(30, 22, 14, 9, 6)|10|0.713526315789|0.774617119114|0.652631578947|0.774421052632|0.782901601108|0.782900930748|0.743137959966|0.694950400717
19000|(30, 22, 14, 9, 6)|11|0.715473684211|0.774169085873|0.675894736842|0.755052631579|0.786199213296|0.786199213296|0.733996342021|0.703748355984
19000|(30, 22, 14, 9, 6)|12|0.716157894737|0.770720775623|0.662|0.770315789474|0.786649972299|0.786649972299|0.742415299256|0.69990540315
19000|(30, 22, 14, 9, 6)|13|0.719315789474|0.77368199446|0.658526315789|0.780105263158|0.790837966759|0.790837961219|0.749670461354|0.701148781171
19000|(30, 22, 14, 9, 6)|14|0.720368421053|0.77615933518|0.674|0.766736842105|0.791399684211|0.79139967867|0.742893607147|0.706771896904
19000|(30, 22, 14, 9, 6)|15|0.712157894737|0.770868587258|0.647789473684|0.776526315789|0.784536238227|0.784536232687|0.743506101244|0.692355290544
19000|(30, 22, 14, 9, 6)|16|0.719210526316|0.780481440443|0.679368421053|0.759052631579|0.793473274238|0.793471058172|0.738190552442|0.70755906375
19000|(30, 22, 14, 9, 6)|17|0.716105263158|0.773869085873|0.663789473684|0.768421052632|0.788140808864|0.788140808864|0.741359040677|0.700433188937
19000|(30, 22, 14, 9, 6)|18|0.713631578947|0.772660221607|0.685368421053|0.741894736842|0.787556875346|0.787556864266|0.726430882517|0.705302496886
19000|(30, 22, 14, 9, 6)|19|0.718105263158|0.770800277008|0.664526315789|0.771684210526|0.786663734072|0.786663390582|0.74428200896|0.702146591035
19000|(30, 22, 14, 9, 6)|20|0.717421052632|0.770405096953|0.665684210526|0.769157894737|0.786349833795|0.786349828255|0.74251497006|0.702003663207
20000|(30, 22, 14, 9, 6)|1|0.716|0.7761919|0.6529|0.7791|0.792092375|0.79209237|0.747196154726|0.696872665172
20000|(30, 22, 14, 9, 6)|2|0.71845|0.7735696|0.6827|0.7542|0.79189506|0.79189506|0.735271943996|0.70801140783
20000|(30, 22, 14, 9, 6)|3|0.72095|0.7777433|0.6692|0.7727|0.79444908|0.79444907|0.746458449526|0.70572106512
20000|(30, 22, 14, 9, 6)|4|0.71375|0.76839475|0.6532|0.7743|0.781523275|0.78152327|0.743201729435|0.695300441748
20000|(30, 22, 14, 9, 6)|5|0.71865|0.7803216|0.6873|0.75|0.79022316|0.79022316|0.733276432306|0.709544211015
20000|(30, 22, 14, 9, 6)|6|0.7192|0.77805015|0.6849|0.7535|0.792018505|0.7920185|0.735344642474|0.709226467847
20000|(30, 22, 14, 9, 6)|7|0.72175|0.7778681|0.6787|0.7648|0.79078753|0.79078753|0.742641426852|0.709232457286
20000|(30, 22, 14, 9, 6)|8|0.7198|0.7750837|0.6592|0.7804|0.791346795|0.79134678|0.750113791534|0.701724505003
20000|(30, 22, 14, 9, 6)|9|0.72095|0.77370725|0.6898|0.7521|0.786763865|0.78676386|0.735629732324|0.711978118388
20000|(30, 22, 14, 9, 6)|10|0.7175|0.7751797|0.6657|0.7693|0.78696085|0.78696085|0.742637215529|0.702067074457
20000|(30, 22, 14, 9, 6)|11|0.7187|0.7725978|0.6526|0.7848|0.78712461|0.78712461|0.752016593685|0.698790020345
20000|(30, 22, 14, 9, 6)|12|0.7183|0.77702205|0.6836|0.753|0.79010882|0.79010882|0.734579840963|0.70817362478
20000|(30, 22, 14, 9, 6)|13|0.71585|0.7756462|0.6661|0.7656|0.783701815|0.78370181|0.739700166574|0.700973428045
20000|(30, 22, 14, 9, 6)|14|0.7174|0.7754979|0.6691|0.7657|0.785588045|0.78554031|0.740646446757|0.703057686246
20000|(30, 22, 14, 9, 6)|15|0.71305|0.7750871|0.6782|0.7479|0.78581319|0.78581319|0.729012146619|0.702688701238
20000|(30, 22, 14, 9, 6)|16|0.71685|0.77231045|0.6699|0.7638|0.78658309|0.78658309|0.739322370599|0.702901211899
20000|(30, 22, 14, 9, 6)|17|0.71735|0.7773086|0.6636|0.7711|0.7896287|0.78962869|0.743529411765|0.701294583884
20000|(30, 22, 14, 9, 6)|18|0.7087|0.77312075|0.7063|0.7111|0.78129017|0.78128855|0.70970659164|0.707999198075
20000|(30, 22, 14, 9, 6)|19|0.72005|0.7774743|0.6825|0.7576|0.78914715|0.78914715|0.737917612715|0.709127746896
20000|(30, 22, 14, 9, 6)|20|0.7221|0.7820384|0.6813|0.7629|0.79125751|0.7912575|0.741833623693|0.7102793995
21000|(30, 22, 14, 9, 6)|1|0.716095238095|0.774886077098|0.67219047619|0.76|0.785790358277|0.785790358277|0.736897055753|0.703058073513
21000|(30, 22, 14, 9, 6)|2|0.717428571429|0.780560272109|0.680952380952|0.753904761905|0.786496739229|0.786255845805|0.734538730224|0.70673124444
21000|(30, 22, 14, 9, 6)|3|0.712|0.775260408163|0.656571428571|0.767428571429|0.783637918367|0.783637913832|0.738431876607|0.695099818512
21000|(30, 22, 14, 9, 6)|4|0.71919047619|0.778200090703|0.669523809524|0.768857142857|0.790295546485|0.790295546485|0.743364703394|0.704514706619
21000|(30, 22, 14, 9, 6)|5|0.718761904762|0.776792471655|0.672|0.765523809524|0.790596412698|0.790596408163|0.74133221265|0.704965531022
21000|(30, 22, 14, 9, 6)|6|0.721095238095|0.774409251701|0.669142857143|0.773047619048|0.790542866213|0.790542866213|0.746731852482|0.705811442061
21000|(30, 22, 14, 9, 6)|7|0.711047619048|0.77317569161|0.67580952381|0.746285714286|0.783364562358|0.783364562358|0.727049180328|0.700493583416
21000|(30, 22, 14, 9, 6)|8|0.72|0.778452698413|0.686761904762|0.753238095238|0.790816507937|0.790816507937|0.735666190573|0.71037336223
21000|(30, 22, 14, 9, 6)|9|0.716523809524|0.770593015873|0.670761904762|0.762285714286|0.788037736961|0.788037723356|0.738337351924|0.702929287889
21000|(30, 22, 14, 9, 6)|10|0.723238095238|0.779283446712|0.671142857143|0.775333333333|0.792307056689|0.792307047619|0.749202636615|0.708027730333
21000|(30, 22, 14, 9, 6)|11|0.71119047619|0.772526893424|0.667714285714|0.754666666667|0.779726376417|0.779726376417|0.731302805883|0.698063424105
21000|(30, 22, 14, 9, 6)|12|0.707952380952|0.772556281179|0.674857142857|0.741047619048|0.784294267574|0.784294267574|0.722692503825|0.697956168431
21000|(30, 22, 14, 9, 6)|13|0.722476190476|0.780070294785|0.671428571429|0.773523809524|0.79361139229|0.792978575964|0.747772592278|0.707547169811
21000|(30, 22, 14, 9, 6)|14|0.718619047619|0.773548027211|0.669333333333|0.767904761905|0.789229287982|0.789229287982|0.742525092446|0.704032056098
21000|(30, 22, 14, 9, 6)|15|0.717523809524|0.773871746032|0.658761904762|0.776285714286|0.789221274376|0.789221269841|0.746492553421|0.699888697764
21000|(30, 22, 14, 9, 6)|16|0.717761904762|0.773927437642|0.670285714286|0.765238095238|0.784394725624|0.784394721088|0.74060822898|0.703694445833
21000|(30, 22, 14, 9, 6)|17|0.717523809524|0.780298231293|0.665523809524|0.769523809524|0.789336390023|0.789330376417|0.742772108844|0.702029334941
21000|(30, 22, 14, 9, 6)|18|0.710952380952|0.775423038549|0.661047619048|0.760857142857|0.785523401361|0.785523401361|0.734341938214|0.695769847634
21000|(30, 22, 14, 9, 6)|19|0.716428571429|0.775051609977|0.672857142857|0.76|0.788261024943|0.788261024943|0.737089201878|0.703510082151
21000|(30, 22, 14, 9, 6)|20|0.721523809524|0.779030022676|0.68219047619|0.760857142857|0.796256385488|0.796256380952|0.740438288195|0.71012193913
22000|(30, 22, 14, 9, 6)|1|0.716727272727|0.778264214876|0.673454545455|0.76|0.789415231405|0.789415231405|0.737261146497|0.703914861269
22000|(30, 22, 14, 9, 6)|2|0.716863636364|0.775648429752|0.692909090909|0.740818181818|0.786462892562|0.786462884298|0.727776186384|0.709914776696
22000|(30, 22, 14, 9, 6)|3|0.723272727273|0.778101157025|0.683636363636|0.762909090909|0.793419809917|0.793419809917|0.742496050553|0.711851571374
22000|(30, 22, 14, 9, 6)|4|0.717272727273|0.777455702479|0.667454545455|0.767090909091|0.790208677686|0.790208677686|0.741316639742|0.702449292002
22000|(30, 22, 14, 9, 6)|5|0.708909090909|0.771235867769|0.660909090909|0.756909090909|0.778567115702|0.778567115702|0.731094127112|0.69423223835
22000|(30, 22, 14, 9, 6)|6|0.7155|0.77348|0.668818181818|0.762181818182|0.78637157438|0.786371570248|0.737691767773|0.701568683546
22000|(30, 22, 14, 9, 6)|7|0.722727272727|0.783177768595|0.672|0.773454545455|0.79424972314|0.794249719008|0.747875354108|0.707910362
22000|(30, 22, 14, 9, 6)|8|0.7145|0.775003140496|0.665727272727|0.763272727273|0.785338768595|0.785338768595|0.737685101239|0.699861423042
22000|(30, 22, 14, 9, 6)|9|0.708272727273|0.771581694215|0.669272727273|0.747272727273|0.780191582645|0.780191578512|0.725892328929|0.696433639202
22000|(30, 22, 14, 9, 6)|10|0.708045454545|0.773187975207|0.659454545455|0.756636363636|0.780989458678|0.780989454545|0.73044003625|0.693134585065
22000|(30, 22, 14, 9, 6)|11|0.716|0.769769752066|0.650181818182|0.781818181818|0.783035309917|0.78303507438|0.748743718593|0.695990657844
22000|(30, 22, 14, 9, 6)|12|0.7115|0.776543512397|0.653272727273|0.769727272727|0.785905123967|0.785905123967|0.739376479062|0.693662821565
22000|(30, 22, 14, 9, 6)|13|0.709636363636|0.770147727273|0.669454545455|0.749818181818|0.781677694215|0.781677347107|0.727955713721|0.697480583444
22000|(30, 22, 14, 9, 6)|14|0.716318181818|0.776883512397|0.665909090909|0.766727272727|0.786123929752|0.78612392562|0.740572237388|0.701258915322
22000|(30, 22, 14, 9, 6)|15|0.717136363636|0.777286694215|0.670545454545|0.763727272727|0.78480303719|0.784803033058|0.739448621554|0.703313468415
22000|(30, 22, 14, 9, 6)|16|0.718318181818|0.77390553719|0.706272727273|0.730363636364|0.78689411157|0.786894107438|0.723707498836|0.714883827927
22000|(30, 22, 14, 9, 6)|17|0.718590909091|0.776927438017|0.672909090909|0.764272727273|0.789503842975|0.789503842975|0.740570285143|0.70512026673
22000|(30, 22, 14, 9, 6)|18|0.7155|0.774270743802|0.667181818182|0.763818181818|0.785072756198|0.785072752066|0.738552883164|0.701055547595
22000|(30, 22, 14, 9, 6)|19|0.713181818182|0.774932727273|0.654|0.772363636364|0.781979681818|0.781979677686|0.741802433491|0.695139627017
22000|(30, 22, 14, 9, 6)|20|0.715181818182|0.774086115702|0.665636363636|0.764727272727|0.784731392562|0.784723132231|0.738849646821|0.700334768054
23000|(30, 22, 14, 9, 6)|1|0.715695652174|0.776951153119|0.683304347826|0.748086956522|0.785517599244|0.785517595463|0.730636913064|0.706178386879
23000|(30, 22, 14, 9, 6)|2|0.715173913043|0.774180642722|0.66252173913|0.767826086957|0.788335716446|0.788335712665|0.74049956264|0.699343705539
23000|(30, 22, 14, 9, 6)|3|0.713173913043|0.772171039698|0.709739130435|0.716608695652|0.782252378072|0.782252378072|0.714648454601|0.712185332228
23000|(30, 22, 14, 9, 6)|4|0.712217391304|0.771596975425|0.663826086957|0.760608695652|0.781539092628|0.781539092628|0.734957157986|0.697583040161
23000|(30, 22, 14, 9, 6)|5|0.716782608696|0.774032514178|0.683043478261|0.75052173913|0.788906835539|0.788897194707|0.7324692279|0.706893448524
23000|(30, 22, 14, 9, 6)|6|0.71752173913|0.775386049149|0.67252173913|0.76252173913|0.790275727788|0.790275720227|0.739034878165|0.704211245163
23000|(30, 22, 14, 9, 6)|7|0.719782608696|0.777916219282|0.664434782609|0.775130434783|0.790960192817|0.790960189036|0.747139923731|0.703364477378
23000|(30, 22, 14, 9, 6)|8|0.715217391304|0.775188657845|0.643826086957|0.786608695652|0.786883005671|0.78688300189|0.751065124772|0.693323344882
23000|(30, 22, 14, 9, 6)|9|0.715695652174|0.773809640832|0.675652173913|0.755739130435|0.789615024575|0.789615017013|0.734473957841|0.703836224467
23000|(30, 22, 14, 9, 6)|10|0.715086956522|0.776497202268|0.660608695652|0.769565217391|0.787579731569|0.787579727788|0.741387723236|0.698671081069
23000|(30, 22, 14, 9, 6)|11|0.721086956522|0.779528846881|0.671217391304|0.770956521739|0.791669413989|0.791669413989|0.745580991017|0.706447627328
23000|(30, 22, 14, 9, 6)|12|0.716695652174|0.77933610586|0.667739130435|0.765652173913|0.788919909263|0.788919909263|0.740215924426|0.702112096553
23000|(30, 22, 14, 9, 6)|13|0.715608695652|0.7745463138|0.679565217391|0.751652173913|0.785408816635|0.785408816635|0.732358729266|0.7049749673
23000|(30, 22, 14, 9, 6)|14|0.720608695652|0.776564007561|0.675391304348|0.765826086957|0.788925863894|0.788925860113|0.742543021033|0.70737704918
23000|(30, 22, 14, 9, 6)|15|0.714173913043|0.773693534972|0.666956521739|0.761391304348|0.787920982987|0.787920982987|0.736508546188|0.700009126586
23000|(30, 22, 14, 9, 6)|16|0.719130434783|0.775598034026|0.679217391304|0.759043478261|0.784908809074|0.784908809074|0.73814023814|0.707454034961
23000|(30, 22, 14, 9, 6)|17|0.708782608696|0.770607863894|0.660608695652|0.756956521739|0.781060650284|0.781057391304|0.731043110085|0.694043486205
23000|(30, 22, 14, 9, 6)|18|0.71652173913|0.776738449905|0.664434782609|0.768608695652|0.788457024575|0.788457020794|0.741700640652|0.700944867443
23000|(30, 22, 14, 9, 6)|19|0.716391304348|0.776370132325|0.672782608696|0.76|0.785693610586|0.785693603025|0.737067733638|0.703459562668
23000|(30, 22, 14, 9, 6)|20|0.71647826087|0.778403402647|0.688956521739|0.744|0.787907837429|0.787907833648|0.729088064783|0.708454419457
24000|(30, 22, 14, 9, 6)|1|0.717875|0.775592222222|0.666333333333|0.769416666667|0.788117288194|0.788117270833|0.742915543993|0.702543601459
24000|(30, 22, 14, 9, 6)|2|0.718791666667|0.7788075|0.6685|0.769083333333|0.787881618056|0.787881618056|0.743259520059|0.703900320274
24000|(30, 22, 14, 9, 6)|3|0.714666666667|0.775597708333|0.665666666667|0.763666666667|0.785416923611|0.785416923611|0.737989652624|0.699964949176
24000|(30, 22, 14, 9, 6)|4|0.713041666667|0.77253125|0.662416666667|0.763666666667|0.784027100694|0.784027097222|0.737042188224|0.697739741058
24000|(30, 22, 14, 9, 6)|5|0.715916666667|0.774266770833|0.66375|0.768083333333|0.784962555556|0.784962555556|0.741068105694|0.700281343415
24000|(30, 22, 14, 9, 6)|6|0.716875|0.773573541667|0.661083333333|0.772666666667|0.786470170139|0.786470159722|0.744114060595|0.700145624641
24000|(30, 22, 14, 9, 6)|7|0.718041666667|0.778518715278|0.681833333333|0.75425|0.789666145833|0.789666145833|0.735064235019|0.707448878129
24000|(30, 22, 14, 9, 6)|8|0.71325|0.777425381944|0.67525|0.75125|0.786026600694|0.786026590278|0.73079004329|0.701923076923
24000|(30, 22, 14, 9, 6)|9|0.717833333333|0.778121527778|0.688083333333|0.747583333333|0.786893159722|0.786893145833|0.731614389509|0.709181482436
24000|(30, 22, 14, 9, 6)|10|0.719|0.777156805556|0.6615|0.7765|0.789608711806|0.789608708333|0.747457627119|0.701856763926
24000|(30, 22, 14, 9, 6)|11|0.717208333333|0.777992743056|0.685083333333|0.749333333333|0.787659|0.787658993056|0.732122183632|0.707822118903
24000|(30, 22, 14, 9, 6)|12|0.7155|0.775130555556|0.689333333333|0.741666666667|0.784771673611|0.784771666667|0.727400633134|0.707855553654
24000|(30, 22, 14, 9, 6)|13|0.723958333333|0.784451319444|0.677583333333|0.770333333333|0.79527259375|0.795272590278|0.74685404611|0.710534364486
24000|(30, 22, 14, 9, 6)|14|0.712833333333|0.773327847222|0.666416666667|0.75925|0.7820625|0.7820625|0.734613264744|0.698855195316
24000|(30, 22, 14, 9, 6)|15|0.715875|0.778627361111|0.663083333333|0.768666666667|0.786840517361|0.786840368056|0.74135842728|0.700039590023
24000|(30, 22, 14, 9, 6)|16|0.71325|0.772893333333|0.663166666667|0.763333333333|0.782711909722|0.782711909722|0.736988331172|0.698131415036
24000|(30, 22, 14, 9, 6)|17|0.710458333333|0.775761701389|0.664666666667|0.75625|0.785131065972|0.785131055556|0.731675993028|0.696563468844
24000|(30, 22, 14, 9, 6)|18|0.711041666667|0.774527083333|0.651333333333|0.77075|0.7821265625|0.7821265625|0.739661209426|0.69269287012
24000|(30, 22, 14, 9, 6)|19|0.715666666667|0.774798541667|0.675416666667|0.755916666667|0.785336840278|0.785336840278|0.734547761465|0.703742294
24000|(30, 22, 14, 9, 6)|20|0.713916666667|0.773569791667|0.673666666667|0.754166666667|0.785507024306|0.785507020833|0.732644553199|0.701918902492
25000|(30, 22, 14, 9, 6)|1|0.7116|0.77332288|0.65752|0.76568|0.7832904864|0.7832904832|0.7372622892|0.695111637348
25000|(30, 22, 14, 9, 6)|2|0.71212|0.772066688|0.678|0.74624|0.7818145568|0.7818145344|0.727655190178|0.701950552864
25000|(30, 22, 14, 9, 6)|3|0.71324|0.777333056|0.68272|0.74376|0.7864604544|0.7864604544|0.727102325978|0.704212567562
25000|(30, 22, 14, 9, 6)|4|0.72416|0.778232256|0.67472|0.7736|0.7921410496|0.7921410432|0.748757102273|0.709813162767
25000|(30, 22, 14, 9, 6)|5|0.71452|0.774204224|0.66168|0.76736|0.7866065728|0.7866065664|0.739869397978|0.698593690612
25000|(30, 22, 14, 9, 6)|6|0.71184|0.779491328|0.65752|0.76616|0.782440576|0.782440576|0.737659307126|0.695288046697
25000|(30, 22, 14, 9, 6)|7|0.71564|0.778333536|0.6724|0.75888|0.7838496448|0.7838496384|0.736053945179|0.702788578118
25000|(30, 22, 14, 9, 6)|8|0.71832|0.779353856|0.66648|0.77016|0.786299552|0.786299552|0.74357372367|0.702919338508
25000|(30, 22, 14, 9, 6)|9|0.71884|0.779784064|0.67632|0.76136|0.7912700544|0.791270048|0.739179854857|0.706354179722
25000|(30, 22, 14, 9, 6)|10|0.7212|0.77972448|0.66576|0.77664|0.7909024928|0.7909024896|0.748785315818|0.70483611417
25000|(30, 22, 14, 9, 6)|11|0.71312|0.780390912|0.65432|0.77192|0.7863757248|0.7863757184|0.741523118767|0.695197620059
25000|(30, 22, 14, 9, 6)|12|0.71572|0.77587168|0.67312|0.75832|0.7850608096|0.7850608064|0.735811106253|0.703070816795
25000|(30, 22, 14, 9, 6)|13|0.71376|0.774200608|0.66752|0.76|0.7848197728|0.7848197696|0.735543018336|0.699882570039
25000|(30, 22, 14, 9, 6)|14|0.71664|0.778238976|0.66264|0.77064|0.7883871008|0.7883870976|0.742869955157|0.700465116279
25000|(30, 22, 14, 9, 6)|15|0.70924|0.770227744|0.66416|0.75432|0.7811602432|0.781142016|0.729974501011|0.695513760315
25000|(30, 22, 14, 9, 6)|16|0.7084|0.77572768|0.65952|0.75728|0.777465792|0.777465792|0.730980670332|0.693414080242
25000|(30, 22, 14, 9, 6)|17|0.71268|0.774560576|0.67648|0.74888|0.7842398432|0.7842398336|0.729279862009|0.701888358581
25000|(30, 22, 14, 9, 6)|18|0.71464|0.775194496|0.66888|0.7604|0.7872617312|0.7872617216|0.73626276858|0.700955734406
25000|(30, 22, 14, 9, 6)|19|0.71144|0.774869504|0.66696|0.75592|0.784009872|0.7840098688|0.732086406744|0.698007367716
25000|(30, 22, 14, 9, 6)|20|0.71704|0.77434624|0.6596|0.77448|0.7840034816|0.7840034816|0.745209689082|0.69979629944
26000|(30, 22, 14, 9, 6)|1|0.716961538462|0.778753017751|0.665461538462|0.768461538462|0.788521683432|0.788521680473|0.741874624818|0.701593609343
26000|(30, 22, 14, 9, 6)|2|0.713192307692|0.777201272189|0.677153846154|0.749230769231|0.784857511834|0.784857508876|0.729752134627|0.702469776164
26000|(30, 22, 14, 9, 6)|3|0.720307692308|0.783435147929|0.679769230769|0.760846153846|0.793177600592|0.793177597633|0.739745521513|0.708490339133
26000|(30, 22, 14, 9, 6)|4|0.705615384615|0.77153091716|0.650153846154|0.761076923077|0.780862434911|0.780862431953|0.731268385534|0.68832966854
26000|(30, 22, 14, 9, 6)|5|0.719076923077|0.776432514793|0.681538461538|0.756615384615|0.787003653846|0.787003650888|0.736859614105|0.708120204604
26000|(30, 22, 14, 9, 6)|6|0.720846153846|0.780422662722|0.687384615385|0.754307692308|0.791092139053|0.791092136095|0.736685902721|0.711181854357
26000|(30, 22, 14, 9, 6)|7|0.717230769231|0.774550591716|0.673307692308|0.761153846154|0.785348988166|0.785348988166|0.738151458931|0.704240083675
26000|(30, 22, 14, 9, 6)|8|0.7135|0.777679230769|0.671769230769|0.755230769231|0.785312461538|0.785312449704|0.732941670164|0.701023479831
26000|(30, 22, 14, 9, 6)|9|0.714653846154|0.778235295858|0.665846153846|0.763461538462|0.781525940828|0.781525940828|0.737874009036|0.700012130524
26000|(30, 22, 14, 9, 6)|10|0.719230769231|0.780795857988|0.678769230769|0.759692307692|0.789142434911|0.789142431953|0.738533645798|0.707391374058
26000|(30, 22, 14, 9, 6)|11|0.724653846154|0.78033816568|0.670538461538|0.778769230769|0.792568792899|0.792568792899|0.751919261623|0.708900906762
26000|(30, 22, 14, 9, 6)|12|0.711346153846|0.778190088757|0.668307692308|0.754384615385|0.783768470414|0.783768467456|0.73125157815|0.698364213657
26000|(30, 22, 14, 9, 6)|13|0.719153846154|0.779179142012|0.665615384615|0.772692307692|0.789495544379|0.789495538462|0.745434183322|0.703267230169
26000|(30, 22, 14, 9, 6)|14|0.713115384615|0.777173076923|0.678692307692|0.747538461538|0.784430192308|0.784430189349|0.728872366791|0.702887870942
26000|(30, 22, 14, 9, 6)|15|0.716884615385|0.776512366864|0.674846153846|0.758923076923|0.785980659763|0.785980656805|0.736793482825|0.704460593407
26000|(30, 22, 14, 9, 6)|16|0.717615384615|0.776879822485|0.674769230769|0.760461538462|0.788615360947|0.788615360947|0.738011105502|0.704974684562
26000|(30, 22, 14, 9, 6)|17|0.713384615385|0.774609704142|0.657076923077|0.769692307692|0.78385485503|0.783854852071|0.740464632455|0.696283012716
26000|(30, 22, 14, 9, 6)|18|0.718615384615|0.777052218935|0.671307692308|0.765923076923|0.787924035503|0.787924035503|0.741461342396|0.704642712959
26000|(30, 22, 14, 9, 6)|19|0.724076923077|0.779402011834|0.686538461538|0.761615384615|0.792418408284|0.792418408284|0.742265469062|0.713315217391
26000|(30, 22, 14, 9, 6)|20|0.718192307692|0.777203964497|0.663384615385|0.773|0.787166455621|0.787166455621|0.74505399568|0.701851475076
27000|(30, 22, 14, 9, 6)|1|0.717444444444|0.778077750343|0.687333333333|0.747555555556|0.788723459534|0.78872345679|0.731378576496|0.708672241952
27000|(30, 22, 14, 9, 6)|2|0.711111111111|0.778708834019|0.692518518519|0.729703703704|0.781374150892|0.781374145405|0.719264502231|0.705638161371
27000|(30, 22, 14, 9, 6)|3|0.717111111111|0.774464910837|0.671185185185|0.763037037037|0.785386260631|0.785386255144|0.739070146819|0.70349378882
27000|(30, 22, 14, 9, 6)|4|0.715888888889|0.773717201646|0.660518518519|0.771259259259|0.786913484225|0.786913481481|0.742773844232|0.699235444031
27000|(30, 22, 14, 9, 6)|5|0.713|0.774743539095|0.682444444444|0.743555555556|0.783442436214|0.783423215364|0.726863905325|0.703954154728
27000|(30, 22, 14, 9, 6)|6|0.721259259259|0.782134595336|0.676148148148|0.76637037037|0.790772139918|0.790772137174|0.743201432991|0.708090916143
27000|(30, 22, 14, 9, 6)|7|0.713296296296|0.769485541838|0.659851851852|0.766740740741|0.78112679561|0.781126792867|0.738823919715|0.697108424306
27000|(30, 22, 14, 9, 6)|8|0.719185185185|0.78207733882|0.672740740741|0.76562962963|0.788796729767|0.78879672428|0.741629919974|0.705507651674
27000|(30, 22, 14, 9, 6)|9|0.721037037037|0.778188010974|0.670222222222|0.771851851852|0.788374718793|0.788374705075|0.746042216359|0.706102700172
27000|(30, 22, 14, 9, 6)|10|0.71337037037|0.779559670782|0.65962962963|0.767111111111|0.788975522634|0.788975522634|0.739065482613|0.697091862695
27000|(30, 22, 14, 9, 6)|11|0.716703703704|0.776961728395|0.685851851852|0.747555555556|0.788325215364|0.78832521262|0.730954448567|0.707685252417
27000|(30, 22, 14, 9, 6)|12|0.714259259259|0.779536707819|0.670518518519|0.758|0.786427717421|0.786291654321|0.734799902589|0.701189046826
27000|(30, 22, 14, 9, 6)|13|0.714333333333|0.779726584362|0.670222222222|0.758444444444|0.787220389575|0.787220389575|0.735071898611|0.701150761362
27000|(30, 22, 14, 9, 6)|14|0.711555555556|0.772654211248|0.651407407407|0.771703703704|0.78187205487|0.78187205487|0.740485011788|0.693095838588
27000|(30, 22, 14, 9, 6)|15|0.713777777778|0.776135473251|0.662518518519|0.765037037037|0.784615953361|0.78461594513|0.738197424893|0.698313554029
27000|(30, 22, 14, 9, 6)|16|0.715407407407|0.774127928669|0.667555555556|0.763259259259|0.782554639232|0.782554633745|0.738204456094|0.701104714486
27000|(30, 22, 14, 9, 6)|17|0.717555555556|0.78136866941|0.672444444444|0.762666666667|0.785255048011|0.785250836763|0.739130434783|0.704212241098
27000|(30, 22, 14, 9, 6)|18|0.711925925926|0.77510085048|0.658666666667|0.765185185185|0.784995155007|0.78499514952|0.737191178909|0.695720209686
27000|(30, 22, 14, 9, 6)|19|0.718703703704|0.777432373114|0.675851851852|0.761555555556|0.788679185185|0.788679176955|0.739204407356|0.706109971753
27000|(30, 22, 14, 9, 6)|20|0.71362962963|0.773475610425|0.657111111111|0.770148148148|0.784881100137|0.784881097394|0.740855186237|0.696474837089
28000|(30, 22, 14, 9, 6)|1|0.716535714286|0.776861096939|0.6595|0.773571428571|0.787623862245|0.787623857143|0.744416673385|0.699390220808
28000|(30, 22, 14, 9, 6)|2|0.719678571429|0.780921479592|0.672285714286|0.767071428571|0.790808130102|0.790808127551|0.742681290933|0.705732388558
28000|(30, 22, 14, 9, 6)|3|0.723214285714|0.78038244898|0.680571428571|0.765857142857|0.791592221939|0.791592219388|0.744026237701|0.710885622622
28000|(30, 22, 14, 9, 6)|4|0.7165|0.777445612245|0.676571428571|0.756428571429|0.787047780612|0.78704777551|0.735289551312|0.704709471022
28000|(30, 22, 14, 9, 6)|5|0.7185|0.777988010204|0.662928571429|0.774071428571|0.789186640306|0.789186637755|0.745821279331|0.701936166994
28000|(30, 22, 14, 9, 6)|6|0.716142857143|0.775646683673|0.675928571429|0.756357142857|0.786284163265|0.786284158163|0.735047382321|0.704249460445
28000|(30, 22, 14, 9, 6)|7|0.715392857143|0.779179489796|0.655714285714|0.775071428571|0.787997992347|0.787997989796|0.744585935599|0.69732994037
28000|(30, 22, 14, 9, 6)|8|0.719392857143|0.778800510204|0.677714285714|0.761071428571|0.787068989796|0.787068984694|0.739343879062|0.707188909179
28000|(30, 22, 14, 9, 6)|9|0.711964285714|0.774691530612|0.667857142857|0.756071428571|0.783319127551|0.783319127551|0.732471602037|0.698673640949
28000|(30, 22, 14, 9, 6)|10|0.721|0.780283979592|0.674571428571|0.767428571429|0.791725280612|0.791725214286|0.743622047244|0.707415730337
28000|(30, 22, 14, 9, 6)|11|0.717821428571|0.77854622449|0.671571428571|0.764071428571|0.790402020408|0.790402015306|0.740023612751|0.70413780191
28000|(30, 22, 14, 9, 6)|12|0.716392857143|0.778952602041|0.663357142857|0.769428571429|0.786029790816|0.786029790816|0.74206951658|0.700509145767
28000|(30, 22, 14, 9, 6)|13|0.718142857143|0.776068520408|0.675928571429|0.760357142857|0.787329479592|0.78732947449|0.738258698705|0.70572003878
28000|(30, 22, 14, 9, 6)|14|0.711642857143|0.778181632653|0.673|0.750285714286|0.779534196429|0.77952080102|0.729369871497|0.700052009808
28000|(30, 22, 14, 9, 6)|15|0.707642857143|0.776882755102|0.655642857143|0.759642857143|0.778733214286|0.778733209184|0.731744260204|0.691606389391
28000|(30, 22, 14, 9, 6)|16|0.711964285714|0.77753622449|0.685571428571|0.738357142857|0.784811438776|0.784583311224|0.723776487444|0.704156120465
28000|(30, 22, 14, 9, 6)|17|0.71875|0.777298622449|0.675714285714|0.761785714286|0.787747459184|0.787747454082|0.739351309105|0.70610188468
28000|(30, 22, 14, 9, 6)|18|0.7185|0.779178469388|0.661285714286|0.775714285714|0.788309609694|0.788309607143|0.746733344088|0.701416773998
28000|(30, 22, 14, 9, 6)|19|0.710321428571|0.7744|0.670428571429|0.750214285714|0.782441405612|0.782441403061|0.728557013118|0.698285161626
28000|(30, 22, 14, 9, 6)|20|0.715857142857|0.776436989796|0.676571428571|0.755142857143|0.786542505102|0.7865425|0.734263565891|0.704237918216
29000|(30, 22, 14, 9, 6)|1|0.712344827586|0.777261355529|0.677931034483|0.74675862069|0.783456332937|0.783456332937|0.728040290327|0.702092707664
29000|(30, 22, 14, 9, 6)|2|0.714827586207|0.774305707491|0.667517241379|0.762137931034|0.783549098692|0.783549093936|0.737279098111|0.700665991024
29000|(30, 22, 14, 9, 6)|3|0.713310344828|0.775602282996|0.664275862069|0.762344827586|0.783999533888|0.783999533888|0.736504052607|0.698527812024
29000|(30, 22, 14, 9, 6)|4|0.717413793103|0.776164066587|0.663379310345|0.771448275862|0.786797032105|0.786797032105|0.743756282378|0.701272190428
29000|(30, 22, 14, 9, 6)|5|0.718413793103|0.779257931034|0.672482758621|0.764344827586|0.787813267539|0.787813255648|0.740507290401|0.704857597224
29000|(30, 22, 14, 9, 6)|6|0.714448275862|0.778642116528|0.664551724138|0.764344827586|0.787057736029|0.787057731272|0.738221098598|0.699451965303
29000|(30, 22, 14, 9, 6)|7|0.716965517241|0.778728347206|0.672482758621|0.761448275862|0.790109236623|0.790109236623|0.738152914459|0.70378924576
29000|(30, 22, 14, 9, 6)|8|0.719206896552|0.781171676576|0.685793103448|0.752620689655|0.787989001189|0.787988998811|0.734905032887|0.709500196211
29000|(30, 22, 14, 9, 6)|9|0.711137931034|0.774460237812|0.66924137931|0.753034482759|0.782905445898|0.782905441141|0.730447873542|0.698506388339
29000|(30, 22, 14, 9, 6)|10|0.713896551724|0.780583186683|0.683655172414|0.744137931034|0.786490137931|0.786460689655|0.727666446451|0.70497457597
29000|(30, 22, 14, 9, 6)|11|0.715862068966|0.778560142687|0.66724137931|0.764482758621|0.786571881094|0.786571881094|0.739113827349|0.701341065603
29000|(30, 22, 14, 9, 6)|12|0.712896551724|0.77309431629|0.664137931034|0.761655172414|0.782518989298|0.78251898692|0.735900962861|0.698180236352
29000|(30, 22, 14, 9, 6)|13|0.714413793103|0.774179976219|0.663310344828|0.765517241379|0.782461241379|0.782461241379|0.738823167921|0.699033359983
29000|(30, 22, 14, 9, 6)|14|0.708586206897|0.77137196195|0.656413793103|0.76075862069|0.779033950059|0.779033945303|0.732886732887|0.692545566995
29000|(30, 22, 14, 9, 6)|15|0.714896551724|0.779932627824|0.690206896552|0.739586206897|0.787149298454|0.787149288942|0.726059199071|0.707679253288
29000|(30, 22, 14, 9, 6)|16|0.716|0.778026302021|0.663586206897|0.768413793103|0.786719255648|0.78671925327|0.741294298921|0.700291120815
29000|(30, 22, 14, 9, 6)|17|0.712413793103|0.775451224732|0.659862068966|0.764965517241|0.783840879905|0.783840875149|0.737361282367|0.696462367157
29000|(30, 22, 14, 9, 6)|18|0.708482758621|0.774852675386|0.651724137931|0.76524137931|0.7782537717|0.778253769322|0.735179710596|0.690940995832
29000|(30, 22, 14, 9, 6)|19|0.708724137931|0.772578406659|0.663379310345|0.754068965517|0.780419483948|0.78041948157|0.729541145241|0.694888929023
29000|(30, 22, 14, 9, 6)|20|0.713896551724|0.777839191439|0.671379310345|0.756413793103|0.785813343639|0.78581334126|0.733775533278|0.70119206252
30000|(30, 22, 14, 9, 6)|1|0.7148|0.776734288889|0.663733333333|0.765866666667|0.786529075556|0.786529071111|0.739233739234|0.699452016299
30000|(30, 22, 14, 9, 6)|2|0.714866666667|0.775778355556|0.658333333333|0.7714|0.785430331111|0.785426137778|0.742257967529|0.697781232335
30000|(30, 22, 14, 9, 6)|3|0.7161|0.776378288889|0.6638|0.7684|0.784392631111|0.784392631111|0.741344650436|0.700432626359
30000|(30, 22, 14, 9, 6)|4|0.7152|0.776354844444|0.670133333333|0.760266666667|0.783576902222|0.783576897778|0.736518171161|0.701759285116
30000|(30, 22, 14, 9, 6)|5|0.7145|0.780280222222|0.672866666667|0.756133333333|0.7872875|0.787287493333|0.733982983056|0.702097318354
30000|(30, 22, 14, 9, 6)|6|0.711866666667|0.774546666667|0.667866666667|0.755866666667|0.782781573333|0.782781568889|0.73230994152|0.698605299861
30000|(30, 22, 14, 9, 6)|7|0.716733333333|0.780578222222|0.679866666667|0.7536|0.789819466667|0.789771866667|0.733985893191|0.705890496297
30000|(30, 22, 14, 9, 6)|8|0.719|0.782259955556|0.679266666667|0.758733333333|0.789179795556|0.789179786667|0.737905561993|0.707372951958
30000|(30, 22, 14, 9, 6)|9|0.7166|0.775406177778|0.6894|0.7438|0.78663254|0.786632533333|0.729060913706|0.708675986842
30000|(30, 22, 14, 9, 6)|10|0.708566666667|0.772590044444|0.6598|0.757333333333|0.778627833333|0.778627831111|0.731107335451|0.693625819112
30000|(30, 22, 14, 9, 6)|11|0.718566666667|0.776995422222|0.677333333333|0.7598|0.789355897778|0.789355897778|0.738211145826|0.706463164482
30000|(30, 22, 14, 9, 6)|12|0.720233333333|0.777390711111|0.675733333333|0.764733333333|0.788977891111|0.788977844444|0.74174899378|0.707203907204
30000|(30, 22, 14, 9, 6)|13|0.713233333333|0.779500622222|0.665733333333|0.760733333333|0.784529126667|0.78452912|0.73561694291|0.698932633421
30000|(30, 22, 14, 9, 6)|14|0.720533333333|0.779493111111|0.681466666667|0.7596|0.791668744444|0.791668742222|0.739224761354|0.709171638685
30000|(30, 22, 14, 9, 6)|15|0.714833333333|0.779749955556|0.677333333333|0.752333333333|0.7887191|0.788719097778|0.732252252252|0.703722943723
30000|(30, 22, 14, 9, 6)|16|0.714333333333|0.778666488889|0.6658|0.762866666667|0.785050313333|0.785050306667|0.737374483166|0.6997617713
30000|(30, 22, 14, 9, 6)|17|0.711033333333|0.7768892|0.658933333333|0.763133333333|0.783480755556|0.783480746667|0.735580858823|0.695150683968
30000|(30, 22, 14, 9, 6)|18|0.7132|0.781523244444|0.6826|0.7438|0.787294355556|0.787294351111|0.727098423519|0.704146894987
30000|(30, 22, 14, 9, 6)|19|0.7187|0.781482222222|0.6802|0.7572|0.790181691111|0.790181688889|0.736944745395|0.707436297452
30000|(30, 22, 14, 9, 6)|20|0.713833333333|0.779917444444|0.695533333333|0.732133333333|0.787419157778|0.787418871111|0.721956957996|0.708498862517
